You are playing: MyStrategy
You won this match
Your game win count:       30
Opponent game win count:    0
Put the 4 lines between the """ characters in a file to watch a replay
You are the blue player in the closest scoring round replay from this match:
"""
20
1649909093958
3,3,4,4,4,5,1,4,4,4,5,1,3,1,4,4,4,5,1,4,4,4,5,1,4,4,4,5,0,0,2,0,2,0,2,0,2,2,2,1,4,5,1,4,5,1,4,5,3,4,5,1,1,0,4,4,4,5,0,0,3,0,3,0,1,4,4,5,3,4,4,5,2,2,4,4,5,0,4,4,5,2,2,2,4,4,5,3,3,3,3,1,1,1,1,3,1,3,1,4,4,4,5,3,4,4,4,5,1,1,1,1,2,1,4,4,4,5,2,0,4,4,4,5,2,1,2,1,2,1,4,4,4,5,2,2,2,2,2,0,0,0,0,0,3,0,3,0,0,0,0,0,8,8,8,8,8,8,8,8,8,2,2,1,2,1,2,1,2,1,3,3,3,3,0,4,5,1,3,1,4,4,5,1,4,4,5,2,2,2,0,4,4,5,0,2,0,2,0,4,4,5,1,1,2,4,4,4,5,1,1,4,4,4,5,3,4,4,4,5,3,3,1,4,4,4,5,3,1,4,4,4,5,0,2,0,2,0,2,0,0,0,0,3,0,4,5,0,4,5,3,4,5,3,4,5,1,2,4,4,4,5,1,1,2,1,2,1,0,0,0,4,4,5,2,2,4,4,5,3,0,4,4,5,2,2,2,4,4,4,5,0,3,3,3,3,3,3,3,3,3,8,8,8,8,8,8,8,8,8,1,1,1
3,4,4,5,0,3,3,4,4,5,3,4,4,5,3,4,4,5,1,4,4,5,2,2,2,2,2,0,2,4,4,4,5,0,0,3,4,4,4,5,3,3,4,4,4,5,3,4,4,4,5,1,4,4,4,5,1,1,2,2,2,1,1,2,4,4,5,1,2,4,4,5,1,4,4,5,1,4,4,5,1,4,4,5,0,0,0,0,0,0,3,3,0,0,3,3,4,4,4,5,3,3,3,4,4,5,0,4,4,4,5,1,3,3,4,4,5,1,1,1,2,4,5,0,2,2,2,2,2,2,1,1,1,3,4,4,4,5,3,4,5,3,4,5,3,4,5,0,4,5,0,0,1,1,1,1,1,3,8,8,8,8,8,8,8,8,8,1,1,1,1,1,3,3,3,3,3,1,2,4,4,5,0,0,4,4,5,2,4,4,5,0,4,5,0,4,5,1,1,1,3,3,0,0,0,4,4,5,0,0,4,4,5,3,4,5,3,4,5,0,4,4,5,1,1,1,1,1,1,2,2,1,2,2,2,4,5,0,0,0,4,5,0,4,5,0,4,5,3,4,5,1,1,1,1,3,3,0,0,0,0,2,4,5,0,4,5,0,4,5,3,3,4,4,5,1,2,2,2,4,5,1,1,1,1,1,3,0,0,0,0,0,2,2,2,8,8,8,8,8,8,8,8,8,1,1,1,1,1,3,3,3,3
"""

You are playing: Not An Exception
You won this match
Your game win count:       16
Opponent game win count:   14
Put the 4 lines between the """ characters in a file to watch a replay
You are the red player in the closest scoring round replay from this match:
"""
28
1649909158810
3,4,4,4,5,3,4,4,4,5,1,3,4,4,4,5,1,3,4,4,4,5,1,1,2,4,4,5,0,0,0,0,2,2,2,1,3,4,4,5,2,2,4,4,5,1,4,4,4,5,1,3,4,4,5,1,2,4,4,5,0,0,0,0,3,0,0,2,4,4,4,5,0,0,4,4,4,5,1,2,4,4,5,1,1,4,4,5,2,4,4,5,1,3,3,3,1,2,2,4,4,5,1,1,4,4,5,1,4,5,1,4,5,1,4,4,5,0,0,0,0,0,0,3,3,2,2,2,4,4,4,5,2,4,4,5,1,1,4,5,1,4,5,3,4,5,0,0,1,1,1,1,1,1,2,2,2,8,8,8,8,8,8,8,8,8,0,0,0,0,0,0,0,3,3,3,3,3,3,1,1,1,1,3,3,4,4,5,1,1,1,4,4,5,2,4,4,5,1,4,4,5,1,4,4,5,0,0,0,0,0,0,0,0,0,2,1,2,2,2,2,2,4,5,1,4,5,1,4,5,1,4,5,3,4,5,0,0,0,0,3,3,3,3,2,2,2,2,2,2,4,5,1,4,4,4,5,2,4,5,1,1,4,5,3,4,5,0,0,0,3,3,3,1,1,1,1,1,1,1,2,2,2,2,2,2,2,2,2,2,2,2,2,2,2,2,2,2,2,2,2,2,2,2,2,2,2,2,2,2,2,2,2,2,2,2,2,2,2,2,2,2,2,2,2,2,2,2,2,2,2,2,2,2,2,2,2,2,2,2,2,2,2,2,2,2,2,2,2,2,2,2,2,2,2,2,2,2,2,2,2,2,2,2,2,2,2,2,2,2,2,2,2,2,2,2,2,2,2,2,2,2,2,2,2,2,2,2,2,2,2,2,2,2,2,2,2,2,2,2,2,2,2,2,2,2,2,2,2,2,2,2,2,2,2,2,2,2,2,2,2,2,2,2,2,2,2,2,2,2,2,2,2,2,2,2,2,2,2,2,2,2,2,2,2,2,2,2,2,2,2,2,2,2,2,2,2,2,2,2,2,2,2,2,2,2,2,2,2,2,2,2,2,2,2,2,2,2,2,2,2,2,2,2,2,2,2,2,2,2,2,2,2,2,2,2,2,2,2,2,2,2,2,2,2,2,2,2,2,2,2,2,2,2,2,2,2,2,2,2,2,2,2,2,2,2,2,2,2,2,2,2,2,2,2,2,2,2,2,2,2,2,2,2,2,2,2,2,2,2,2,2,2,2,2,2,2,2,2,2,2,2,2,2,2,2,2,2,2,2,2,2,2,2,2,2,2,2,2,2,2,2,2,2,2,2,2,2,2,2,2,2,2,2,2,2,2,2,2,2,2,2,2,2,2,2,2,2,2,2,2,2,2,2,2,2,2,2,2,2,2,2,2,2,2,2,2,2,2,2,2,2,2,2,2,2,2,2,2,2,2,2,2,2,2,2,2,2,2,2,2,2,2,2,2,2,2,2,2,2,2,2,2,2,2,2,2,2,2,2,2,2,2,2,2,2,2,2,2,2,2,2,2,2,2,2,2,2,2,2,2,2,2,2,2,2,2,2,2,2,2,2,2,2,2,2,2,2,2,2,2,2,2,2,2,2,2,2,2,2,2,2,2,2,2,2,2,2,2,2,2,2,2,2,2,2,2,2,2,2,2,2,2,2,2,2,2,2,2,2,2,2,2,2,2,2,2,2,2,2,2,2,2,2,2,2,2,2,2,2,2,2,2,2,2,2,2,2,2,2,2,2,2,2,2,2,2,2,2,2,2,2,2,2,2,2,2,2,2,2,2,2,2,2,2,2,2,2,2,2,2,2,2,2,2,2,2,2,2,2,2,2,2,2,2,2,2,2,2,2,2,2,2,2,2,2,2,2,2,2,2,2,2,2,2,2,2,2,2,2,2,2,2,2,2,2,2,2,2,2,2,2,2,2,2,2,2,2,2,2,2,2,2,2,2,2,2,2,2,2,2,2,2,2,2,2,2,2,2,2,2,2,2,2,2,2,2,2,2,2,2,2,2,2,2,2,2,2,2,2,2,2,2,2,2,2,2,2,2,2,2,2,2,2,2,2,2,2,2,2,2,2,2,2,2,2,2,2,2,2,2,2,2,2,2,2,2,2,2,2,2,2,2,2,2,2,2,2,2,2,2,2,2,2,2,2,2,2,2,2,2,2,2,2,2,2,2,2,2,2,2,2,2,2,2,2,2,2,2,2,2,2,2,2,2,2,2,2,2,2
3,4,4,5,3,4,4,5,0,0,0,4,4,4,5,3,3,4,4,4,5,3,4,4,5,2,2,2,2,2,1,1,1,8,0,4,4,5,3,0,4,4,4,5,2,2,4,4,4,5,2,1,4,4,4,5,1,4,4,4,5,3,3,8,1,1,4,5,2,4,4,5,1,4,4,5,1,4,4,5,1,4,4,5,3,0,0,0,0,0,8,2,2,2,0,4,4,4,5,2,1,1,1,4,5,3,4,4,4,5,2,1,1,1,4,5,2,1,1,4,4,4,5,3,3,3,3,3,0,0,0,0,0,0,0,1,1,1,1,1,1,1,3,3,3,3,3,3,3,8,8,8,8,8,8,8,8,8,2,2,2,2,2,2,2,0,0,0,0,0,0,0,8,3,3,3,3,3,4,4,5,1,4,4,5,3,4,5,1,4,4,5,3,4,5,2,2,2,2,2,2,2,0,0,8,3,3,3,1,1,4,4,5,3,1,4,5,1,4,5,3,4,5,2,1,4,5,2,2,2,2,0,0,0,0,0,8,3,3,3,0,0,0,0,0,4,4,4,5,3,3,3,1,4,4,4,5,3,1,1,1,1,1,1,1,1,1,1,1,8,8,8,8,8,8,8,8,8,3,3,3,3,3,3,3,3,3,3,3,3,3,3,3,3,3,3,3,3,3,3,3,3,3,3,3,3,3,3,3,3,3,3,3,3,3,3,3,3,3,3,3,3,3,3,3,3,3,3,3,3,3,3,3,3,3,3,3,3,3,3,3,3,3,3,3,3,3,3,3,3,3,3,3,3,3,3,3,3,3,3,3,3,3,3,3,3,3,3,3,3,3,3,3,3,3,3,3,3,3,3,3,3,3,3,3,3,3,3,3,3,3,3,3,3,3,3,3,3,3,3,3,3,3,3,3,3,3,3,3,3,3,3,3,3,3,3,3,3,3,3,3,3,3,3,3,3,3,3,3,3,3,3,3,3,3,3,3,3,3,3,3,3,3,3,3,3,3,3,3,3,3,3,3,3,3,3,3,3,3,3,3,3,3,3,3,3,3,3,3,3,3,3,3,3,3,3,3,3,3,3,3,3,3,3,3,3,3,3,3,3,3,3,3,3,3,3,3,3,3,3,3,3,3,3,3,3,3,3,3,3,3,3,3,3,3,3,3,3,3,3,3,3,3,3,3,3,3,3,3,3,3,3,3,3,3,3,3,3,3,3,3,3,3,3,3,3,3,3,3,3,3,3,3,3,3,3,3,3,3,3,3,3,3,3,3,3,3,3,3,3,3,3,3,3,3,3,3,3,3,3,3,3,3,3,3,3,3,3,3,3,3,3,3,3,3,3,3,3,3,3,3,3,3,3,3,3,3,3,3,3,3,3,3,3,3,3,3,3,3,3,3,3,3,3,3,3,3,3,3,3,3,3,3,3,3,3,3,3,3,3,3,3,3,3,3,3,3,3,3,3,3,3,3,3,3,3,3,3,3,3,3,3,3,3,3,3,3,3,3,3,3,3,3,3,3,3,3,3,3,3,3,3,3,3,3,3,3,3,3,3,3,3,3,3,3,3,3,3,3,3,3,3,3,3,3,3,3,3,3,3,3,3,3,3,3,3,3,3,3,3,3,3,3,3,3,3,3,3,3,3,3,3,3,3,3,3,3,3,3,3,3,3,3,3,3,3,3,3,3,3,3,3,3,3,3,3,3,3,3,3,3,3,3,3,3,3,3,3,3,3,3,3,3,3,3,3,3,3,3,3,3,3,3,3,3,3,3,3,3,3,3,3,3,3,3,3,3,3,3,3,3,3,3,3,3,3,3,3,3,3,3,3,3,3,3,3,3,3,3,3,3,3,3,3,3,3,3,3,3,3,3,3,3,3,3,3,3,3,3,3,3,3,3,3,3,3,3,3,3,3,3,3,3,3,3,3,3,3,3,3,3,3,3,3,3,3,3,3,3,3,3,3,3,3,3,3,3,3,3,3,3,3,3,3,3,3,3,3,3,3,3,3,3,3,3,3,3,3,3,3,3,3,3,3,3,3,3,3,3,3,3,3,3,3,3,3,3,3,3,3,3,3,3,3,3,3,3,3,3,3,3,3,3,3,3,3,3,3,3,3,3,3,3,3,3,3,3,3,3,3,3,3,3,3,3,3,3,3,3,3,3,3,3,3,3,3,3,3,3,3,3,3,3,3,3,3,3,3,3,3,3,3,3,3,3,3,3,3,3,3,3,3,3,3,3,3,3,3,3,3
"""

You are playing: Andrew W
You won this match
Your game win count:       29
Opponent game win count:    1
Put the 4 lines between the """ characters in a file to watch a replay
You are the red player in the closest scoring round replay from this match:
"""
24
1649909217572
3,3,4,4,4,5,0,4,4,4,5,0,4,4,4,5,1,1,1,3,3,4,4,4,5,1,1,2,4,4,4,5,0,0,0,2,2,2,1,2,4,4,5,2,4,4,5,2,4,4,5,1,4,4,5,1,4,5,0,0,0,3,3,3,0,2,2,4,4,5,1,2,4,4,5,2,4,4,5,1,4,5,1,1,4,5,0,0,0,3,3,3,3,1,1,1,3,3,4,4,5,1,2,4,4,5,1,1,4,4,5,2,4,5,0,4,4,5,0,0,0,0,0,1,1,1,1,2,4,5,2,4,5,1,4,5,1,4,5,3,4,5,0,0,1,1,2,2,2,2,8,8,8,8,8,8,8,8,8,0,0,0,0,0,0,3,3,3,3,3,2,2,2,2,2,4,4,5,1,1,4,5,1,4,5,2,2,4,5,1,2,4,5,0,0,0,0,3,3,3,3,3,3,3,3,0,0,0,0,2,2,4,4,4,5,1,2,4,4,4,5,0,2,2,4,5,2,4,4,4,5,1,1,4,4,5,1,1,3,3,3,3,3,3,0,2,2,2,2,2,2,4,4,5,0,0,2,4,4,4,5,0,2,1,1,1,1,1,1,1,1,1,1,3,3,3,3,3,3,8,8,8,8,8,8,8,8,8,3,3,3,4,5,1,4,5,3,3,4,4,5,0,0,0,0,0,0,0,3,1,1,1,1,1,2,2,2,4,5,1,1,1,3,4,5,1,1,4,4,5,3,3,3,4,5,0,0,0,0,3,3,3,4,4,4,5,0,0,0,0,0,0,2,2,2,2,1,2,2,2,2,2,2,2,2,4,5,2,2,4,4,5,2,4,4,5,0,0,4,4,5,1,1,1,1,3,4,5,1,1,1,1,1,1,1,0,0,0,0,3,3,3,3,8,8,8,8,8,8,8,8,8,0,0,0,0,0,0,3,3,3,3,3,3,0,0,0,0,2,2,2,2,2,2,2,2,4,4,4,5,1,1,1,1,1,1,1,1,1,1,1,1,1,1,1,1,1,1,1,1,1,1,1,1,1,1,1,1,1,1,1,1,1,1,1,1,1,1,1,1,1,1,1,1,1,1,1,1,1,1,1,1,1,1,1,1,1,1,1,1,1,1,1,1,1,1,1,1,1,1,1,1,1,1,1,1,1,1,1,1,1,1,1,1,1,1,1,1,1,1,1,1,1,1,1,1,1,1,1,1,1,1,1,1,1,1,1,1,1,1,1,1,1,1,1,1,1,1,1,1,1,1,1,1,1,1,1,1,1,1,1,1,1,1,1,1,1,1,1,1,1,1,1,1,1,1,1,1,1,1,1,1,1,1,1,1,1,1,1,1,1,1,1,1,1,1,1,1,1,1,1,1,1,1,1,1,1,1,1,1,1,1,1,1,1,1,1,1,1,1,1,1,1,1,1,1,1,1,1,1,1,1,1,1,1,1,1,1,1,1,1,1,1,1,1,1,1,1,1,1,1,1,1,1,1,1,1,1,1,1,1,1,1,1,1,1,1,1,1,1,1,1,1,1,1,1,1,1,1,1,1,1,1,1,1,1,1,1,1,1,1,1,1,1,1,1,1,1,1,1,1,1,1,1,1,1,1,1,1,1,1,1,1,1,1,1,1,1,1,1,1,1,1,1,1,1,1,1,1,1,1,1,1,1,1,1,1,1,1,1,1,1,1,1,1,1,1,1,1,1,1,1,1,1,1,1,1,1,1,1,1,1,1,1,1,1,1,1,1,1,1,1,1,1,1,1,1,1,1,1,1,1,1,1,1,1,1,1,1,1,1,1,1,1,1,1,1,1,1,1,1,1,1,1,1,1,1,1,1,1,1,1,1,1,1,1,1,1,1,1,1,1,1,1,1,1,1,1,1,1,1,1,1,1,1,1,1,1,1,1,1,1,1,1,1,1,1,1,1,1,1,1,1,1,1,1,1,1,1,1,1,1,1,1,1,1,1,1,1,1,1,1,1,1,1,1,1,1,1,1,1,1,1,1,1,1,1,1,1,1,1,1,1,1,1,1,1,1,1,1,1,1,1,1,1,1,1,1,1,1,1,1,1,1,1,1,1,1,1,1,1,1,1,1,1,1,1,1,1,1,1,1,1,1,1,1,1,1,1,1,1,1,1,1,1,1,1,1,1,1,1,1,1,1,1,1,1,1,1,1,1,1,1,1,1,1,1,1,1,1,1,1,1,1,1,1,1,1,1,1,1,1,1,1,1,1,1,1,1,1
1,4,4,4,5,0,2,0,0,4,4,4,5,3,1,1,2,2,0,4,4,4,5,3,3,1,2,2,2,4,4,4,5,3,3,3,0,0,0,0,4,4,4,5,1,1,1,1,3,3,3,4,4,5,0,0,4,4,5,0,4,4,4,5,2,2,2,1,1,1,3,3,3,3,3,1,4,5,1,4,4,4,5,2,4,5,2,4,5,2,2,2,4,4,5,0,0,3,3,3,3,3,3,1,4,5,1,4,5,1,4,5,1,1,1,8,8,8,8,8,8,8,8,3,3,0,0,4,4,4,5,3,4,4,5,3,3,3,1,1,1,1,1,1,1,1,1,4,4,4,5,0,3,3,0,4,4,4,5,2,2,1,2,4,4,5,1,1,4,4,5,1,4,4,4,5,3,0,0,0,3,3,3,4,4,5,0,0,0,4,4,4,5,2,2,4,4,5,2,1,1,1,2,2,2,4,5,2,2,0,4,5,0,4,5,0,4,5,0,0,8,8,8,8,8,8,3,1,4,5,3,3,3,3,1,1,1,1,2,2,1,1,1,1,4,4,4,5,3,3,0,0,0,0,2,2,2,2,0,0,0,4,4,4,5,3,4,5,3,4,5,3,3,1,1,1,2,2,2,2,1,4,4,5,1,4,4,5,1,1,4,4,4,5,3,3,3,3,0,0,0,0,2,2,2,2,2,0,0,0,0,0,8,8,8,8,8,8,8,2,2,2,1,1,4,4,4,5,3,3,4,5,3,3,3,3,3,3,1,1,1,3,3,3,3,0,0,0,0,0,0,2,2,2,2,1,1,1,1,1,1,2,2,2,2,2,2,4,4,5,2,1,1,1,1,4,4,4,5,3,3,3,3,3,3,3,0,0,0,0,2,2,2,2,2,0,0,0,0,0,8,8,8,8,8,8,8,8,2,2,2,2,4,5,2,4,5,2,4,5,1,4,5,1,4,4,5,2,0,0,0,0,0,0,0,0,0,3,3,3,3,0,0,0,0,0,0,0,0,0,0,0,0,0,0,0,0,0,0,0,0,0,0,0,0,0,0,0,0,0,0,0,0,0,0,0,0,0,0,0,0,0,0,0,0,0,0,0,0,0,0,0,0,0,0,0,0,0,0,0,0,0,0,0,0,0,0,0,0,0,0,0,0,0,0,0,0,0,0,0,0,0,0,0,0,0,0,0,0,0,0,0,0,0,0,0,0,0,0,0,0,0,0,0,0,0,0,0,0,0,0,0,0,0,0,0,0,0,0,0,0,0,0,0,0,0,0,0,0,0,0,0,0,0,0,0,0,0,0,0,0,0,0,0,0,0,0,0,0,0,0,0,0,0,0,0,0,0,0,0,0,0,0,0,0,0,0,0,0,0,0,0,0,0,0,0,0,0,0,0,0,0,0,0,0,0,0,0,0,0,0,0,0,0,0,0,0,0,0,0,0,0,0,0,0,0,0,0,0,0,0,0,0,0,0,0,0,0,0,0,0,0,0,0,0,0,0,0,0,0,0,0,0,0,0,0,0,0,0,0,0,0,0,0,0,0,0,0,0,0,0,0,0,0,0,0,0,0,0,0,0,0,0,0,0,0,0,0,0,0,0,0,0,0,0,0,0,0,0,0,0,0,0,0,0,0,0,0,0,0,0,0,0,0,0,0,0,0,0,0,0,0,0,0,0,0,0,0,0,0,0,0,0,0,0,0,0,0,0,0,0,0,0,0,0,0,0,0,0,0,0,0,0,0,0,0,0,0,0,0,0,0,0,0,0,0,0,0,0,0,0,0,0,0,0,0,0,0,0,0,0,0,0,0,0,0,0,0,0,0,0,0,0,0,0,0,0,0,0,0,0,0,0,0,0,0,0,0,0,0,0,0,0,0,0,0,0,0,0,0,0,0,0,0,0,0,0,0,0,0,0,0,0,0,0,0,0,0,0,0,0,0,0,0,0,0,0,0,0,0,0,0,0,0,0,0,0,0,0,0,0,0,0,0,0,0,0,0,0,0,0,0,0,0,0,0,0,0,0,0,0,0,0,0,0,0,0,0,0,0,0,0,0,0,0,0,0,0,0,0,0,0,0,0,0,0,0,0,0,0,0,0,0,0,0,0,0,0,0,0,0,0,0,0,0,0,0,0,0,0,0,0,0,0,0,0,0,0,0,0,0,0,0,0,0,0,0,0,0,0,0,0,0,0,0,0,0,0,0,0,0,0,0,0,0,0,0,0,0,0,0,0,0,0,0,0,0,0,0,0
"""

You are playing: MyStrategy
You won this match
Your game win count:       26
Opponent game win count:    4
Put the 4 lines between the """ characters in a file to watch a replay
You are the blue player in the closest scoring round replay from this match:
"""
28
1649909270890
3,4,4,4,5,3,4,4,4,5,0,0,4,4,4,5,2,4,4,4,5,0,2,4,4,4,5,1,1,1,1,2,1,2,2,1,2,1,1,1,1,2,2,8,8,1,3,3,3,4,4,4,5,3,0,4,4,4,5,1,1,1,1,2,4,4,4,5,2,0,4,4,4,5,1,3,1,1,1,1,4,4,4,5,2,2,2,2,0,2,2,2,2,2,2,2,0,0,0,3,0,3,3,3,0,0,3,3,3,8,8,8,8,8,1,1,1,1,1,1,4,4,5,1,4,4,5,2,0,4,4,5,1,2,4,4,5,1,2,4,4,5,2,2,0,0,2,2,0,0,0,0,3,3,0,0,3,3,3,3,3,8,8,8,1,1,1,4,5,1,4,5,1,4,5,2,4,5,0,4,5,1,2,2,2,2,2,1,2,3,0,3,3,0,3,0,3,3,0,3,0,0,8,8,8,3,1,1,1,1,1,4,4,5,3,0,4,4,5,0,0,3,3,4,4,5,3,3,3,3,3,3,3,4,4,4,5,0,4,4,4,5,0,2,2,0,0,2,0,2,0,0,0,0,0,2,2,1,1,1,1,1,1,1,2,2,2,2,8,8,8,8,8,3,3,3,4,5,0,4,5,0,4,5,0,4,5,0,4,5,0,3,0,3,0,3,1,2,2,2,2,1,1,1,1,2,1,1,2,8,8,8,0,0,2,2,0,2,4,4,4,5,2,4,4,4,5,1,1,1,1,1,1,1,4,4,4,5,1,1,2,2,1,1,1,1,4,4,4,5,2,0,4,4,4,5,2,0,0,0,0,3,3,3,3,0,0,0,0,3,3,3,8,8,8,8,0,0,0,3,0,0,0,4,4,5,3,3,0,4,4,5,3,1,4,4,5,3,4,4,5,1,4,4,5,0,3,3,0,0,2,2,1,1,2,1,1,2,2,2,1,1,1,1,1,1,1,1,1,1,1,1,1,1,1,1,1,1,1,1,1,1,1,1,1,1,1,1,1,1,1,1,1,1,1,1,1,1,1,1,1,1,1,1,1,1,1,1,1,1,1,1,1,1,1,1,1,1,1,1,1,1,1,1,1,1,1,1,1,1,1,1,1,1,1,1,1,1,1,1,1,1,1,1,1,1,1,1,1,1,1,1,1,1,1,1,1,1,1,1,1,1,1,1,1,1,1,1,1,1,1,1,1,1,1,1,1,1,1,1,1,1,1,1,1,1,1,1,1,1,1,1,1,1,1,1,1,1,1,1,1,1,1,1,1,1,1,1,1,1,1,1,1,1,1,1,1,1,1,1,1,1,1,1,1,1,1,1,1,1,1,1,1,1,1,1,1,1,1,1,1,1,1,1,1,1,1,1,1,1,1,1,1,1,1,1,1,1,1,1,1,1,1,1,1,1,1,1,1,1,1,1,1,1,1,1,1,1,1,1,1,1,1,1,1,1,1,1,1,1,1,1,1,1,1,1,1,1,1,1,1,1,1,1,1,1,1,1,1,1,1,1,1,1,1,1,1,1,1,1,1,1,1,1,1,1,1,1,1,1,1,1,1,1,1,1,1,1,1,1,1,1,1,1,1,1,1,1,1,1,1,1,1,1,1,1,1,1,1,1,1,1,1,1,1,1,1,1,1,1,1,1,1,1,1,1,1,1,1,1,1,1,1,1,1,1,1,1,1,1,1,1,1,1,1,1,1,1,1,1,1,1,1,1,1,1,1,1,1,1,1,1,1,1,1,1,1,1,1,1,1,1,1,1,1,1,1,1,1,1,1,1,1,1,1,1,1,1,1,1,1,1,1,1,1,1,1,1,1,1,1,1,1,1,1,1,1,1,1,1,1,1,1,1,1,1,1,1,1,1,1,1,1,1,1,1,1,1,1,1,1,1,1,1,1,1,1,1,1,1,1,1,1,1,1,1,1,1,1,1,1,1,1,1,1,1,1,1,1,1,1,1,1,1,1,1,1,1,1,1,1,1,1,1,1,1,1,1,1,1,1,1,1,1,1,1,1,1,1,1,1,1,1,1,1,1,1,1,1,1,1,1,1,1,1,1,1,1,1,1,1,1,1,1,1,1,1,1,1,1,1,1,1,1,1,1,1,1,1,1,1,1,1,1,1,1,1,1,1,1,1,1,1,1,1,1,1,1,1,1,1,1,1,1,1,1,1,1,1,1,1,1,1,1,1,1,1,1,1,1,1,1,1,1,1,1,1,1,1,1,1,1,1,1,1,1,1,1,1,1
1,4,4,5,2,4,4,5,2,4,4,5,1,1,4,4,5,1,4,4,5,0,0,0,0,3,3,1,1,1,4,5,3,3,4,4,5,3,4,5,3,3,4,5,3,4,5,0,0,0,2,2,2,2,2,2,0,0,0,4,5,3,4,4,4,5,3,4,4,5,3,4,4,5,3,3,4,5,1,1,1,2,2,2,2,2,0,0,2,4,4,4,5,1,2,4,4,4,5,1,1,1,2,4,4,4,5,1,2,4,4,4,5,1,1,1,4,4,4,5,0,0,0,0,1,1,1,1,1,3,3,3,3,3,3,3,3,3,3,3,8,8,8,8,8,8,8,8,8,1,1,1,1,1,1,1,3,3,3,3,3,3,3,2,4,5,1,4,4,5,1,4,4,4,5,1,3,4,4,4,5,3,3,4,4,4,5,0,0,0,2,2,3,3,4,4,4,5,0,0,0,2,4,4,5,1,2,4,4,5,1,2,4,4,5,0,0,4,4,5,1,1,1,3,1,2,2,4,4,5,1,1,1,4,4,4,5,2,4,4,4,5,1,4,5,0,2,2,4,4,4,5,0,0,0,0,3,3,3,3,3,1,1,1,0,0,0,0,0,0,0,0,0,0,2,2,2,2,2,2,2,2,8,8,8,8,8,8,8,8,8,1,1,3,3,4,5,3,4,5,3,4,5,0,3,4,4,5,0,4,5,1,1,1,1,1,1,1,3,1,1,1,1,3,4,4,4,5,0,0,2,2,2,2,2,4,4,5,1,2,2,4,5,2,4,4,5,1,4,4,4,5,0,0,0,0,3,3,3,3,3,3,3,0,0,0,2,2,4,5,2,2,4,5,1,4,5,1,2,4,5,0,0,4,5,1,1,1,3,3,3,3,3,0,0,0,0,0,0,0,4,4,5,0,1,2,2,2,2,2,2,8,8,8,8,8,8,8,8,8,0,0,0,0,0,0,0,0,0,0,0,0,0,0,0,0,0,0,0,0,0,0,0,0,0,0,0,0,0,0,0,0,0,0,0,0,0,0,0,0,0,0,0,0,0,0,0,0,0,0,0,0,0,0,0,0,0,0,0,0,0,0,0,0,0,0,0,0,0,0,0,0,0,0,0,0,0,0,0,0,0,0,0,0,0,0,0,0,0,0,0,0,0,0,0,0,0,0,0,0,0,0,0,0,0,0,0,0,0,0,0,0,0,0,0,0,0,0,0,0,0,0,0,0,0,0,0,0,0,0,0,0,0,0,0,0,0,0,0,0,0,0,0,0,0,0,0,0,0,0,0,0,0,0,0,0,0,0,0,0,0,0,0,0,0,0,0,0,0,0,0,0,0,0,0,0,0,0,0,0,0,0,0,0,0,0,0,0,0,0,0,0,0,0,0,0,0,0,0,0,0,0,0,0,0,0,0,0,0,0,0,0,0,0,0,0,0,0,0,0,0,0,0,0,0,0,0,0,0,0,0,0,0,0,0,0,0,0,0,0,0,0,0,0,0,0,0,0,0,0,0,0,0,0,0,0,0,0,0,0,0,0,0,0,0,0,0,0,0,0,0,0,0,0,0,0,0,0,0,0,0,0,0,0,0,0,0,0,0,0,0,0,0,0,0,0,0,0,0,0,0,0,0,0,0,0,0,0,0,0,0,0,0,0,0,0,0,0,0,0,0,0,0,0,0,0,0,0,0,0,0,0,0,0,0,0,0,0,0,0,0,0,0,0,0,0,0,0,0,0,0,0,0,0,0,0,0,0,0,0,0,0,0,0,0,0,0,0,0,0,0,0,0,0,0,0,0,0,0,0,0,0,0,0,0,0,0,0,0,0,0,0,0,0,0,0,0,0,0,0,0,0,0,0,0,0,0,0,0,0,0,0,0,0,0,0,0,0,0,0,0,0,0,0,0,0,0,0,0,0,0,0,0,0,0,0,0,0,0,0,0,0,0,0,0,0,0,0,0,0,0,0,0,0,0,0,0,0,0,0,0,0,0,0,0,0,0,0,0,0,0,0,0,0,0,0,0,0,0,0,0,0,0,0,0,0,0,0,0,0,0,0,0,0,0,0,0,0,0,0,0,0,0,0,0,0,0,0,0,0,0,0,0,0,0,0,0,0,0,0,0,0,0,0,0,0,0,0,0,0,0,0,0,0,0,0,0,0,0,0,0,0,0,0,0,0,0,0,0,0,0,0,0,0,0,0,0,0,0,0,0,0,0,0,0,0,0,0,0,0,0,0,0,0,0,0,0,0,0,0
"""

You are playing: Tester 5
You lost this match
Your game win count:        2
Opponent game win count:   28
Put the 4 lines between the """ characters in a file to watch a replay
You are the blue player in the closest scoring round replay from this match:
"""
20
1649909315431
3,3,1,4,4,4,5,2,4,4,5,2,1,4,4,5,3,1,4,4,5,1,1,4,4,5,2,0,0,0,0,0,3,0,0,4,4,4,5,2,2,2,4,4,4,5,0,4,4,4,5,2,2,2,0,4,4,4,5,2,2,1,4,4,4,5,3,3,3,3,3,3,3,1,1,1,2,2,2,1,1,4,5,2,1,1,1,8,8,8,8,8,8,3,3,4,5,3,4,5,1,4,5,2,4,5,3,3,0,0,0,0,0,0,3,3,3,1,4,4,4,5,1,1,1,4,4,4,5,1,1,1,1,4,4,4,5,3,4,4,4,5,2,2,2,1,4,4,4,5,2,0,0,0,0,0,0,0,0,0,2,2,2,0,0,4,4,5,2,2,2,1,1,1,1,4,4,5,2,4,5,1,4,5,3,3,1,1,8,8,8,8,8,8,8,2,2,1,1,1,4,4,4,5,2,2,2,1,1,1,4,4,4,5,3,4,4,5,3,3,1,4,4,4,5,3,1,1,4,4,4,5,0,0,0,0,0,4,5,2,2,2,2,1,0,0,4,5,3,3,0,4,5,3,4,5,3,4,5,3,4,5,2,2,2,2,2,1,1,1,2,0,4,4,5,2,4,4,4,5,0,4,4,4,5,3,0,4,4,5,3,3,4,4,5,2,1,1,1
3,4,4,5,3,4,4,5,3,4,4,5,3,4,4,5,3,4,4,5,2,2,2,2,2,1,3,4,4,5,3,3,4,5,3,4,5,3,4,4,4,5,3,4,4,4,5,0,2,2,2,2,2,2,0,0,4,4,4,5,3,3,4,4,5,3,3,3,4,4,5,1,4,4,5,3,4,4,5,1,2,2,2,2,2,2,1,1,2,4,4,5,1,1,3,4,4,5,3,4,5,3,4,5,1,4,5,0,0,0,0,0,2,2,0,2,2,4,4,4,5,3,3,3,3,3,3,4,4,5,1,3,3,4,4,5,1,3,4,4,5,3,4,4,5,0,1,1,1,1,1,2,2,8,8,8,8,8,8,8,8,8,1,1,1,1,1,3,3,3,3,2,4,4,5,0,2,4,5,0,4,5,0,2,4,5,0,4,5,1,1,1,1,3,3,3,2,2,2,4,4,5,1,2,4,4,5,2,4,4,4,5,1,4,4,4,5,1,4,4,4,5,0,0,0,3,3,3,3,3,0,0,0,0,3,4,5,0,3,4,4,5,2,2,4,4,5,0,2,2,4,5,0,4,5,1,1,1,1,1,1,1,3,3,1,1,1,2,2,4,4,5,2,2,4,4,4,5,0,0,0,0,2,4,5,0,4,5,2,4,5,1,0,0,0,0,3,8,8
"""

You are playing: Dominic
You lost this match
Your game win count:        5
Opponent game win count:   25
Put the 4 lines between the """ characters in a file to watch a replay
You are the blue player in the closest scoring round replay from this match:
"""
24
1649909358694
3,4,4,4,5,3,4,4,4,5,1,4,4,4,5,1,4,4,4,5,3,1,4,4,4,5,2,2,2,0,0,0,2,4,4,5,3,1,4,5,1,4,4,5,2,1,4,4,5,2,4,5,1,4,5,3,3,0,0,0,0,0,4,4,5,2,2,0,4,4,4,5,2,4,4,4,5,0,0,4,4,5,2,1,4,4,4,5,3,3,3,3,1,1,1,3,3,3,4,4,4,5,1,1,1,1,4,4,4,5,3,1,4,4,4,5,2,1,4,4,5,1,1,4,4,5,2,2,2,0,0,0,0,0,0,0,2,2,2,2,2,1,1,1,1,1,8,8,8,8,8,8,8,8,8,3,3,3,3,3,0,0,0,0,0,0,2,2,2,2,4,4,5,1,4,4,5,3,4,4,5,1,4,5,1,4,4,5,3,3,3,0,0,0,2,2,0,0,0,4,4,4,5,2,2,2,2,0,0,4,4,4,5,1,1,1,4,4,5,3,1,1,1,4,4,4,5,2,4,5,3,3,3,3,3,3,0,1,1,1,1,4,4,5,2,4,4,5,1,4,5,1,4,5,1,4,5,3,0,0,0,0,0,2,2,2,2,2,1,1,1,1,8,8,8,8,8,8,8,8,8,3,3,3,3,3,0,0,0,0,0,0,1,1,1,1,1,4,4,5,3,4,4,5,0,4,4,5,2,2,2,2,4,5,2,4,5,3,3,3,3,0,0,0,0,2,2,1,1,1,1,1,1,1,4,4,4,5,2,4,4,5,2,1,4,5,2,2,1,4,5,1,4,4,4,5,2,2,2,2,2,2,1,1,2,2,2,4,4,4,5,3,0,4,4,4,5,2,2,0,4,4,4,5,2,0,3,3,3,3,3,3,3,3,3,3,3,0,0,8,8,8,8,8,8,8,8,8,2,1,1,4,4,5,2,4,5,2,2,2,2,1,1,1,0
0,0,4,4,5,0,4,4,4,5,3,4,4,4,5,0,3,4,4,4,5,3,3,3,4,4,4,5,1,1,1,1,2,2,2,2,2,2,2,4,4,4,5,0,4,4,4,5,3,3,3,3,4,4,5,3,3,4,4,5,1,1,4,4,5,0,2,2,2,2,1,1,3,4,4,5,1,4,4,5,3,4,5,1,4,5,3,4,5,0,0,0,0,2,2,2,1,1,3,3,3,4,4,5,3,4,5,3,4,5,3,4,5,3,4,5,0,0,2,2,2,2,2,2,2,1,1,1,1,3,4,5,1,3,4,5,3,4,5,0,1,1,3,3,3,8,8,8,8,8,8,8,8,8,3,3,3,3,3,4,5,3,4,5,1,1,1,1,1,1,3,3,0,4,4,5,3,4,4,5,3,3,4,4,4,5,0,4,4,4,5,2,4,4,4,5,1,1,2,2,3,3,4,4,4,5,1,1,4,4,4,5,2,2,2,4,4,4,5,2,4,4,4,5,0,4,4,5,0,3,3,0,2,4,5,0,4,4,5,0,4,4,4,5,3,4,4,4,5,0,3,4,4,5,1,1,1,1,2,0,2,2,4,4,5,0,0,4,5,2,4,5,1,4,5,2,4,5,1,1,3,3,3,3,2,2,2,4,4,5,1,1,4,4,5,2,2,4,4,5,0,4,5,2,4,4,5,0,3,3,3,0,0,0,0,0,0,2,2,8,8,8,8,8,8,8,8,8,1,1,1,1,1,1,3,3,3,3,3,0,0,0,0,3,3,4,4,5,1,3,3,4,4,4,5,1,2,2,2,2,2,2,2,2,2,4,5,1,4,5,2,4,5,1,3,3,3,3,3,3,1,1,1,1,2,2,2,2,4,4,4,5,1,2,2,4,4,4,5,0,0,4,4,4,5,0,0,2,4,4,4,5,2,4,4,5,0,3,3,3,3,3,3,3,3
"""

You are playing: MyPlayerStrategy
You won this match
Your game win count:       30
Opponent game win count:    0
Put the 4 lines between the """ characters in a file to watch a replay
You are the blue player in the closest scoring round replay from this match:
"""
28
1649909403111
1,4,4,5,1,1,2,4,4,4,5,2,2,4,5,2,4,4,5,2,4,5,3,3,3,3,3,0,0,0,8,2,0,4,4,5,0,4,4,4,5,0,1,2,1,0,1,2,1,0,0,4,5,2,2,1,4,4,4,5,2,0,0,4,4,5,3,3,3,3,3,3,1,1,1,8,2,0,0,1,2,2,0,1,2,4,5,2,0,0,0,4,4,4,5,1,0,1,2,1,1,1,1,1,1,1,1,1,1,1,8,8,8,8,8,8,8,2,2,2,2,2,4,5,2,4,5,0,4,5,2,2,2,2,2,2,2,2,2,2,2,2,2,2,2,2,2,2,2,2,2,2,2,2,2,2,2,2,2,2,2,2,2,2,2,2,2,2,2,2,2,2,2,2,2,2,2,2,2,2,2,2,2,2,2,2,2,2,2,2,2,2,2,2,2,2,2,2,2,2,2,2,2,2,2,2,2,2,2,2,2,2,2,2,2,2,2,2,2,2,2,2,2,2,2,2,2,2,2,2,2,2,2,2,2,2,2,2,2,2,2,2,2,2,2,2,2,2,2,2,2,2,2,2,2,2,2,2,2,2,2,2,2,2,2,2,2,2,2,2,2,2,2,2,2,2,2,2,2,2,2,2,2,2,2,2,2,2,2,2,2,2,2,2,2,2,2,2,2,2,2,2,2,2,2,2,2,2,2,2,2,2,2,2,2,2,2,2,2,2,2,2,2,2,2,2,2,2,2,2,2,2,2,2,2,2,2,2,2,2,2,2,2,2,2,2,2,2,2,2,2,2,2,2,2,2,2,2,2,2,2,2,2,2,2,2,2,2,2,2,2,2,2,2,2,2,2,2,2,2,2,2,2,2,2,2,2,2,2,2,2,2,2,2,2,2,2,2,2,2,2,2,2,2,2,2,2,2,2,2,2,2,2,2,2,2,2,2,2,2,2,2,2,2,2,2,2,2,2,2,2,2,2,2,2,2,2,2,2,2,2,2,2,2,2,2,2,2,2,2,2,2,2,2,2,2,2,2,2,2,2,2,2,2,2,2,2,2,2,2,2,2,2,2,2,2,2,2,2,2,2,2,2,2,2,2,2,2,2,2,2,2,2,2,2,2,2,2,2,2,2,2,2,2,2,2,2,2,2,2,2,2,2,2,2,2,2,2,2,2,2,2,2,2,2,2,2,2,2,2,2,2,2,2,2,2,2,2,2,2,2,2,2,2,2,2,2,2,2,2,2,2,2,2,2,2,2,2,2,2,2,2,2,2,2,2,2,2,2,2,2,2,2,2,2,2,2,2,2,2,2,2,2,2,2,2,2,2,2,2,2,2,2,2,2,2,2,2,2,2,2,2,2,2,2,2,2,2,2,2,2,2,2,2,2,2,2,2,2,2,2,2,2,2,2,2,2,2,2,2,2,2,2,2,2,2,2,2,2,2,2,2,2,2,2,2,2,2,2,2,2,2,2,2,2,2,2,2,2,2,2,2,2,2,2,2,2,2,2,2,2,2,2,2,2,2,2,2,2,2,2,2,2,2,2,2,2,2,2,2,2,2,2,2,2,2,2,2,2,2,2,2,2,2,2,2,2,2,2,2,2,2,2,2,2,2,2,2,2,2,2,2,2,2,2,2,2,2,2,2,2,2,2,2,2,2,2,2,2,2,2,2,2,2,2,2,2,2,2,2,2,2,2,2,2,2,2,2,2,2,2,2,2,2,2,2,2,2,2,2,2,2,2,2,2,2,2,2,2,2,2,2,2,2,2,2,2,2,2,2,2,2,2,2,2,2,2,2,2,2,2,2,2,2,2,2,2,2,2,2,2,2,2,2,2,2,2,2,2,2,2,2,2,2,2,2,2,2,2,2,2,2,2,2,2,2,2,2,2,2,2,2,2,2,2,2,2,2,2,2,2,2,2,2,2,2,2,2,2,2,2,2,2,2,2,2,2,2,2,2,2,2,2,2,2,2,2,2,2,2,2,2,2,2,2,2,2,2,2,2,2,2,2,2,2,2,2,2,2,2,2,2,2,2,2,2,2,2,2,2,2,2,2,2,2,2,2,2,2,2,2,2,2,2,2,2,2,2,2,2,2,2,2,2,2,2,2,2,2,2,2,2,2,2,2,2,2,2,2,2,2,2,2,2,2,2,2,2,2,2,2,2,2,2,2,2,2,2,2,2,2,2,2,2,2,2,2,2,2,2,2,2,2,2,2,2,2,2,2,2,2,2,2,2,2,2,2,2,2,2
1,3,4,4,5,1,1,4,4,5,3,4,4,5,3,4,5,3,4,5,0,0,0,2,2,2,2,0,0,4,4,4,5,3,3,3,4,4,5,1,3,4,4,5,3,3,4,4,5,3,3,4,4,5,1,2,2,2,2,2,2,2,2,0,3,3,4,4,5,1,1,3,3,4,4,5,3,4,5,3,4,5,3,4,5,0,2,2,2,2,2,2,2,1,1,2,4,4,5,1,1,2,4,4,5,2,4,4,4,5,2,4,4,4,5,0,4,4,4,5,0,0,1,1,1,1,1,1,3,3,3,3,3,3,3,3,3,3,3,3,3,3,3,3,3,3,3,3,3,3,3,3,3,3,3,3,3,3,3,3,3,3,3,3,3,3,3,3,3,3,3,3,3,3,3,3,3,3,3,3,3,3,3,3,3,3,3,3,3,3,3,3,3,3,3,3,3,3,3,3,3,3,3,3,3,3,3,3,3,3,3,3,3,3,3,3,3,3,3,3,3,3,3,3,3,3,3,3,3,3,3,3,3,3,3,3,3,3,3,3,3,3,3,3,3,3,3,3,3,3,3,3,3,3,3,3,3,3,3,3,3,3,3,3,3,3,3,3,3,3,3,3,3,3,3,3,3,3,3,3,3,3,3,3,3,3,3,3,3,3,3,3,3,3,3,3,3,3,3,3,3,3,3,3,3,3,3,3,3,3,3,3,3,3,3,3,3,3,3,3,3,3,3,3,3,3,3,3,3,3,3,3,3,3,3,3,3,3,3,3,3,3,3,3,3,3,3,3,3,3,3,3,3,3,3,3,3,3,3,3,3,3,3,3,3,3,3,3,3,3,3,3,3,3,3,3,3,3,3,3,3,3,3,3,3,3,3,3,3,3,3,3,3,3,3,3,3,3,3,3,3,3,3,3,3,3,3,3,3,3,3,3,3,3,3,3,3,3,3,3,3,3,3,3,3,3,3,3,3,3,3,3,3,3,3,3,3,3,3,3,3,3,3,3,3,3,3,3,3,3,3,3,3,3,3,3,3,3,3,3,3,3,3,3,3,3,3,3,3,3,3,3,3,3,3,3,3,3,3,3,3,3,3,3,3,3,3,3,3,3,3,3,3,3,3,3,3,3,3,3,3,3,3,3,3,3,3,3,3,3,3,3,3,3,3,3,3,3,3,3,3,3,3,3,3,3,3,3,3,3,3,3,3,3,3,3,3,3,3,3,3,3,3,3,3,3,3,3,3,3,3,3,3,3,3,3,3,3,3,3,3,3,3,3,3,3,3,3,3,3,3,3,3,3,3,3,3,3,3,3,3,3,3,3,3,3,3,3,3,3,3,3,3,3,3,3,3,3,3,3,3,3,3,3,3,3,3,3,3,3,3,3,3,3,3,3,3,3,3,3,3,3,3,3,3,3,3,3,3,3,3,3,3,3,3,3,3,3,3,3,3,3,3,3,3,3,3,3,3,3,3,3,3,3,3,3,3,3,3,3,3,3,3,3,3,3,3,3,3,3,3,3,3,3,3,3,3,3,3,3,3,3,3,3,3,3,3,3,3,3,3,3,3,3,3,3,3,3,3,3,3,3,3,3,3,3,3,3,3,3,3,3,3,3,3,3,3,3,3,3,3,3,3,3,3,3,3,3,3,3,3,3,3,3,3,3,3,3,3,3,3,3,3,3,3,3,3,3,3,3,3,3,3,3,3,3,3,3,3,3,3,3,3,3,3,3,3,3,3,3,3,3,3,3,3,3,3,3,3,3,3,3,3,3,3,3,3,3,3,3,3,3,3,3,3,3,3,3,3,3,3,3,3,3,3,3,3,3,3,3,3,3,3,3,3,3,3,3,3,3,3,3,3,3,3,3,3,3,3,3,3,3,3,3,3,3,3,3,3,3,3,3,3,3,3,3,3,3,3,3,3,3,3,3,3,3,3,3,3,3,3,3,3,3,3,3,3,3,3,3,3,3,3,3,3,3,3,3,3,3,3,3,3,3,3,3,3,3,3,3,3,3,3,3,3,3,3,3,3,3,3,3,3,3,3,3,3,3,3,3,3,3,3,3,3,3,3,3,3,3,3,3,3,3,3,3,3,3,3,3,3,3,3,3,3,3,3,3,3,3,3,3,3,3,3,3,3,3,3,3,3,3,3,3,3,3,3,3,3,3,3,3,3,3,3,3,3,3,3,3,3,3,3,3,3,3,3,3,3,3,3,3,3,3,3,3,3,3,3,3,3,3,3,3,3,3,3,3,3,3
"""

You are playing: CompetitionStrategy
You lost this match
Your game win count:       12
Opponent game win count:   18
Put the 4 lines between the """ characters in a file to watch a replay
You are the blue player in the closest scoring round replay from this match:
"""
28
1649909447769
3,4,4,5,0,4,4,4,5,3,1,1,4,4,4,5,1,4,4,5,3,3,4,4,4,5,2,2,2,2,0,0,0,0,0,4,4,4,5,2,0,4,4,4,5,2,4,4,4,5,0,4,4,4,5,2,1,4,4,4,5,3,3,3,1,1,1,1,2,2,0,0,4,4,4,5,2,2,2,4,4,5,1,4,4,5,2,4,4,5,2,4,4,5,3,3,3,3,3,3,3,1,3,3,3,3,1,4,5,2,2,2,2,2,2,2,2,2,2,2,1,1,1,1,1,1,8,8,8,8,8,8,8,8,3,3,3,3,4,5,3,4,5,3,4,5,1,4,5,3,0,0,0,0,0,0,0,0,1,1,1,1,1,4,4,5,3,1,4,5,3,1,4,4,5,3,4,4,5,1,1,4,4,5,2,2,2,0,0,0,0,0,0,0,0,0,2,2,1,1,1,4,4,5,1,4,5,1,4,5,1,4,5,3,4,4,5,3,0,0,0,0,0,0,2,2,2,2,2,2,2,1,1,1,1,1,1,1,8,8,8,8,8,8,8,8,3,1,1,1,4,4,4,5,3,4,5,3,4,5,3,4,5,1,4,4,5,3,3,3,0,0,0,0,0,0,0,0,0,0,0,2,2,2,1,1,4,5,2,4,5,1,4,5,1,4,5,3,4,5,3,3,3,0,0,0,0,3,3,3,3,3,1,4,4,4,5,2,1,1,4,4,4,5,2,4,4,4,5,1,4,4,5,3,1,4,4,4,5,2,2,2,2,0,0,0,0,0,2,2,2,2,2,2,2,1,1,1,1,1,1,1,8,8,8,8,8,8,8,8,1,1,1,1,4,5,3,4,5,1,4,5,1,4,4,5,2,4,4,4,5,2,2,2,2,2,2,2,1,0,4,5,3,3,3,4,4,5,3,4,4,5,3,4,5,3,4,4,5,2,2,2,2,2,2,1,3,3,4,4,5,1,1,4,4,5,3,4,5,3,3,1,4,4,5,0,0,0,4,4,5,2,2,2,2,2,2,2,4,4,4,5,0,0,4,4,4,5,2,4,4,5,1,4,4,4,5,2,4,4,4,5,3,3,3,3,1,3,3,3,3,3,3,3,0,0,0,0,0,0,0,8,8,8,8,8,8,8,0,0,0,0,4,4,4,5,3,4,5,3,4,4,5,1,4,5,3,1,4,5,3,3,3,3,0,0,0,0,0,2,2,2,2,2,1,4,5,1,4,5,2,4,5,0,4,5,2,4,5,3,3,3,3,3,3,3,0,2,2,2,1,1,1,1,1,4,5,2,2,2,2,0,0,0,4,5,2,4,5,1,4,5,3,1,1,1,1,8,8,8,8,8,8,8,2,2,2,2,4,5,2,2,2,1,1,1,1,1,1,1
2,4,4,4,5,1,2,4,4,4,5,2,4,4,4,5,0,4,4,4,5,0,4,4,4,5,1,3,3,3,1,3,4,4,5,1,4,4,5,3,4,4,5,3,4,4,5,3,4,5,0,0,2,2,2,2,0,3,4,4,5,3,4,4,5,0,4,4,5,3,4,4,4,5,3,3,4,4,5,1,1,2,2,2,2,2,0,0,4,4,4,5,0,3,3,4,5,0,0,2,4,4,4,5,3,3,3,4,4,4,5,3,3,4,5,1,1,1,1,1,2,2,2,2,2,2,1,1,1,4,5,3,3,4,5,3,4,4,4,5,3,4,5,3,4,5,0,0,0,1,1,1,1,1,1,1,3,3,8,8,8,8,8,8,8,8,8,1,1,1,1,1,1,1,3,3,3,3,3,3,3,3,4,4,4,5,3,4,4,5,0,3,4,4,4,5,0,4,4,4,5,3,3,4,4,5,1,1,2,2,2,2,2,1,3,4,4,5,1,3,3,4,4,4,5,1,2,2,2,4,4,4,5,0,0,2,2,4,5,0,4,4,5,3,3,0,2,4,5,2,2,4,4,5,1,4,4,5,1,1,4,4,5,0,2,4,4,5,0,3,3,3,3,0,0,0,0,2,4,5,0,4,5,2,4,5,0,4,5,2,4,5,1,1,1,1,1,0,0,0,0,0,0,2,2,2,8,8,8,8,8,8,8,8,8,1,1,1,1,1,1,1,3,3,3,3,3,3,0,0,2,2,2,4,5,0,2,4,5,2,4,5,1,4,5,1,4,5,1,3,3,3,3,3,2,2,2,2,2,4,4,5,1,2,4,4,5,2,4,4,5,1,4,4,5,1,4,4,4,5,0,0,0,3,3,3,3,3,3,3,0,0,0,0,0,0,4,4,5,3,3,4,4,5,1,4,4,5,3,3,4,4,4,5,1,4,4,4,5,1,1,1,0,0,0,0,0,0,2,2,2,2,2,2,2,2,2,2,8,8,8,8,8,8,8,8,8,1,1,1,1,1,1,1,3,3,3,3,3,3,0,0,0,0,3,3,3,4,5,3,3,4,4,4,5,0,3,4,5,2,2,2,2,2,2,2,2,2,4,5,0,0,0,4,5,1,1,1,1,1,1,1,1,3,3,3,1,1,1,1,1,2,2,2,4,4,4,5,1,2,4,4,4,5,0,0,0,2,4,4,5,1,1,2,2,4,4,4,5,2,2,0,0,0,0,0,0,0,0,0,0,0,0,3,3,8,8,8,8,8,8,8,8,8,0,0,0,2,4,5,0,0,0,0,2,2,2,2,2,2,0,3,3,3,3,4,4,5,0,3,3,4,4,5,3,4,4,5,0,3,4,4,5,2,2,4,5,1,1,1,2,2,2,2,2,2,1,1,1,1
"""

You are playing: BeatRandomStrategy
You lost this match
Your game win count:       14
Opponent game win count:   16
Put the 4 lines between the """ characters in a file to watch a replay
You are the blue player in the closest scoring round replay from this match:
"""
20
1649909485905
2,2,4,4,5,2,4,4,5,3,1,4,4,5,1,4,4,4,5,2,2,4,5,3,3,3,3,0,0,1,1,4,4,5,1,4,4,5,2,4,5,1,4,5,2,4,5,3,3,0,0,0,0,3,3,4,4,4,5,1,1,4,4,4,5,1,4,4,4,5,3,4,4,4,5,3,1,4,4,4,5,2,2,2,2,0,0,0,0,1,1,1,1,4,4,5,1,4,4,5,2,4,5,2,4,5,2,0,4,5,3,3,3,0,0,0,0,2,2,2,2,2,0,4,4,5,3,0,4,4,4,5,2,1,1,1,1,4,5,3,1,1,1,8,8,8,8,8,8,8,8,0,0,4,4,5,3,4,5,3,3,3,0,0,0,2,1,1,1,1,1,1,4,5,1,4,4,5,2,4,5,1,4,5,2,4,5,2,2,2,2,2,2,2,1,1,2,4,4,4,5,2,1,4,4,4,5,2,0,0,4,4,4,5,0,0,4,4,4,5,3,4,4,5,3,3,1,1,1,3,4,4,5,0,4,4,5,1,1,4,4,4,5,2,1,4,4,4,5,3,3,3,0,4,4,5,2,2,2,0,0,0,0,0,4,4,5,3,4,5,0,4,4,4,5,0,4,5,3,1,4,5,2,2,1,1,1,1,1
3,4,4,4,5,3,3,4,4,5,3,4,4,5,1,4,5,3,4,5,0,2,2,2,2,2,1,4,4,5,1,4,5,3,3,4,4,5,3,4,5,1,4,5,0,0,0,2,2,2,2,2,4,4,4,5,0,4,4,4,5,0,3,3,3,3,4,4,4,5,3,4,4,4,5,3,4,5,1,1,2,2,2,2,1,1,1,3,3,4,5,1,4,5,3,4,5,0,3,4,5,3,4,5,0,0,0,2,2,2,2,2,0,0,0,3,3,4,4,4,5,3,4,5,0,3,3,4,4,4,5,3,3,1,1,1,1,1,1,1,1,1,2,2,2,2,2,2,2,2,2,2,2,8,8,8,8,8,8,8,8,8,1,3,4,5,1,4,4,4,5,1,1,1,3,3,3,1,4,4,4,5,1,4,4,4,5,0,3,3,4,4,5,0,0,0,4,4,4,5,2,4,4,5,1,1,2,0,0,4,5,0,4,4,5,3,4,4,5,0,4,4,5,0,3,4,4,5,1,1,1,1,1,2,2,0,0,2,4,4,5,1,2,4,5,1,1,2,4,4,5,2,4,4,5,0,4,4,5,3,3,3,3,2,2,2,2,2,4,5,1,4,4,5,0,0,4,5,0,4,5,3,4,5,1,1,3,3,3
"""

You are playing: GoodStrategy_vs_Random
You won this match
Your game win count:       29
Opponent game win count:    1
Put the 4 lines between the """ characters in a file to watch a replay
You are the red player in the closest scoring round replay from this match:
"""
24
1649909531354
1,3,4,4,5,3,4,4,4,5,3,3,4,4,4,5,1,2,4,4,4,5,1,2,4,4,5,0,0,0,2,2,0,3,4,4,4,5,0,4,4,4,5,0,2,4,4,4,5,2,2,4,4,4,5,1,2,4,4,5,1,1,3,3,3,1,1,1,4,4,5,1,3,4,4,5,1,4,4,5,1,3,4,4,4,5,1,3,4,4,4,5,0,0,0,0,0,0,0,2,2,2,2,2,2,2,4,4,5,1,4,4,5,1,4,4,4,5,1,4,5,3,4,5,0,0,0,3,3,3,1,1,1,2,2,4,5,1,4,5,1,4,5,3,4,5,1,4,5,0,0,1,1,2,2,2,2,8,8,8,8,8,8,8,8,8,0,0,0,0,0,0,0,0,0,0,0,0,0,0,0,0,0,0,0,0,0,0,0,0,0,0,0,0,0,0,0,0,0,0,0,0,0,0,0,0,0,0,0,0,0,0,0,0,0,0,0,0,0,0,0,0,0,0,0,0,0,0,0,0,0,0,0,0,0,0,0,0,0,0,0,0,0,0,0,0,0,0,0,0,0,0,0,0,0,0,0,0,0,0,0,0,0,0,0,0,0,0,0,0,0,0,0,0,0,0,0,0,0,0,0,0,0,0,0,0,0,0,0,0,0,0,0,0,0,0,0,0,0,0,0,0,0,0,0,0,0,0,0,0,0,0,0,0,0,0,0,0,0,0,0,0,0,0,0,0,0,0,0,0,0,0,0,0,0,0,0,0,0,0,0,0,0,0,0,0,0,0,0,0,0,0,0,0,0,0,0,0,0,0,0,0,0,0,0,0,0,0,0,0,0,0,0,0,0,0,0,0,0,0,0,0,0,0,0,0,0,0,0,0,0,0,0,0,0,0,0,0,0,0,0,0,0,0,0,0,0,0,0,0,0,0,0,0,0,0,0,0,0,0,0,0,0,0,0,0,0,0,0,0,0,0,0,0,0,0,0,0,0,0,0,0,0,0,0,0,0,0,0,0,0,0,0,0,0,0,0,0,0,0,0,0,0,0,0,0,0,0,0,0,0,0,0,0,0,0,0,0,0,0,0,0,0,0,0,0,0,0,0,0,0,0,0,0,0,0,0,0,0,0,0,0,0,0,0,0,0,0,0,0,0,0,0,0,0,0,0,0,0,0,0,0,0,0,0,0,0,0,0,0,0,0,0,0,0,0,0,0,0,0,0,0,0,0,0,0,0,0,0,0,0,0,0,0,0,0,0,0,0,0,0,0,0,0,0,0,0,0,0,0,0,0,0,0,0,0,0,0,0,0,0,0,0,0,0,0,0,0,0,0,0,0,0,0,0,0,0,0,0,0,0,0,0,0,0,0,0,0,0,0,0,0,0,0,0,0,0,0,0,0,0,0,0,0,0,0,0,0,0,0,0,0,0,0,0,0,0,0,0,0,0,0,0,0,0,0,0,0,0,0,0,0,0,0,0,0,0,0,0,0,0,0,0,0,0,0,0,0,0,0,0,0,0,0,0,0,0,0,0,0,0,0,0,0,0,0,0,0,0,0,0,0,0,0,0,0,0,0,0,0,0,0,0,0,0,0,0,0,0,0,0,0,0,0,0,0,0,0,0,0,0,0,0,0,0,0,0,0,0,0,0,0,0,0,0,0,0,0,0,0,0,0,0,0,0,0,0,0,0,0,0,0,0,0,0,0,0,0,0,0,0,0,0,0,0,0,0,0,0,0,0,0,0,0,0,0,0,0,0,0,0,0,0,0,0,0,0,0,0,0,0,0,0,0,0,0,0,0,0,0,0,0,0,0,0,0,0,0,0,0,0,0,0,0,0,0,0,0,0,0,0,0,0,0,0,0,0,0,0,0,0,0,0,0,0,0,0,0,0,0,0,0,0,0,0,0,0,0,0,0,0,0,0,0,0,0,0,0,0,0,0,0,0,0,0,0,0,0,0,0,0,0,0,0,0,0,0,0,0,0,0,0,0,0,0,0,0,0,0,0,0,0,0,0,0,0,0,0,0,0,0,0,0,0,0,0,0,0,0,0,0,0,0,0,0,0,0,0,0,0,0,0,0,0,0,0,0,0,0,0,0,0,0,0,0,0,0,0,0,0,0,0,0,0,0,0,0,0,0,0,0,0,0,0,0,0,0,0,0,0,0,0,0,0,0,0,0,0,0,0,0,0,0,0,0,0,0,0,0,0,0,0,0,0,0,0,0,0,0,0,0,0,0,0,0,0,0,0,0,0
3,4,4,5,8,3,3,4,4,5,8,3,4,4,4,5,8,3,4,4,5,8,1,4,4,5,5,2,0,5,0,0,0,4,4,4,5,5,0,4,4,4,5,5,3,3,4,4,4,5,5,1,1,1,1,2,2,2,2,2,2,1,2,4,4,4,5,5,2,4,5,5,3,3,3,3,1,4,5,5,3,4,5,5,1,4,5,5,2,2,2,0,0,0,2,2,0,4,4,4,5,5,1,2,4,4,4,5,5,3,1,1,4,4,4,5,5,2,2,4,4,4,5,5,1,1,1,1,4,4,4,5,5,3,3,3,3,0,0,0,0,0,0,3,5,3,3,5,3,3,5,3,0,4,4,5,5,3,4,4,5,5,1,1,1,1,1,1,1,1,1,1,1,1,1,1,1,1,1,1,1,1,1,1,1,1,1,1,1,1,1,1,1,1,1,1,1,1,1,1,1,1,1,1,1,1,1,1,1,1,1,1,1,1,1,1,1,1,1,1,1,1,1,1,1,1,1,1,1,1,1,1,1,1,1,1,1,1,1,1,1,1,1,1,1,1,1,1,1,1,1,1,1,1,1,1,1,1,1,1,1,1,1,1,1,1,1,1,1,1,1,1,1,1,1,1,1,1,1,1,1,1,1,1,1,1,1,1,1,1,1,1,1,1,1,1,1,1,1,1,1,1,1,1,1,1,1,1,1,1,1,1,1,1,1,1,1,1,1,1,1,1,1,1,1,1,1,1,1,1,1,1,1,1,1,1,1,1,1,1,1,1,1,1,1,1,1,1,1,1,1,1,1,1,1,1,1,1,1,1,1,1,1,1,1,1,1,1,1,1,1,1,1,1,1,1,1,1,1,1,1,1,1,1,1,1,1,1,1,1,1,1,1,1,1,1,1,1,1,1,1,1,1,1,1,1,1,1,1,1,1,1,1,1,1,1,1,1,1,1,1,1,1,1,1,1,1,1,1,1,1,1,1,1,1,1,1,1,1,1,1,1,1,1,1,1,1,1,1,1,1,1,1,1,1,1,1,1,1,1,1,1,1,1,1,1,1,1,1,1,1,1,1,1,1,1,1,1,1,1,1,1,1,1,1,1,1,1,1,1,1,1,1,1,1,1,1,1,1,1,1,1,1,1,1,1,1,1,1,1,1,1,1,1,1,1,1,1,1,1,1,1,1,1,1,1,1,1,1,1,1,1,1,1,1,1,1,1,1,1,1,1,1,1,1,1,1,1,1,1,1,1,1,1,1,1,1,1,1,1,1,1,1,1,1,1,1,1,1,1,1,1,1,1,1,1,1,1,1,1,1,1,1,1,1,1,1,1,1,1,1,1,1,1,1,1,1,1,1,1,1,1,1,1,1,1,1,1,1,1,1,1,1,1,1,1,1,1,1,1,1,1,1,1,1,1,1,1,1,1,1,1,1,1,1,1,1,1,1,1,1,1,1,1,1,1,1,1,1,1,1,1,1,1,1,1,1,1,1,1,1,1,1,1,1,1,1,1,1,1,1,1,1,1,1,1,1,1,1,1,1,1,1,1,1,1,1,1,1,1,1,1,1,1,1,1,1,1,1,1,1,1,1,1,1,1,1,1,1,1,1,1,1,1,1,1,1,1,1,1,1,1,1,1,1,1,1,1,1,1,1,1,1,1,1,1,1,1,1,1,1,1,1,1,1,1,1,1,1,1,1,1,1,1,1,1,1,1,1,1,1,1,1,1,1,1,1,1,1,1,1,1,1,1,1,1,1,1,1,1,1,1,1,1,1,1,1,1,1,1,1,1,1,1,1,1,1,1,1,1,1,1,1,1,1,1,1,1,1,1,1,1,1,1,1,1,1,1,1,1,1,1,1,1,1,1,1,1,1,1,1,1,1,1,1,1,1,1,1,1,1,1,1,1,1,1,1,1,1,1,1,1,1,1,1,1,1,1,1,1,1,1,1,1,1,1,1,1,1,1,1,1,1,1,1,1,1,1,1,1,1,1,1,1,1,1,1,1,1,1,1,1,1,1,1,1,1,1,1,1,1,1,1,1,1,1,1,1,1,1,1,1,1,1,1,1,1,1,1,1,1,1,1,1,1,1,1,1,1,1,1,1,1,1,1,1,1,1,1,1,1,1,1,1,1,1,1,1,1,1,1,1,1,1,1,1,1,1,1,1,1,1,1,1,1,1,1,1,1,1,1,1,1,1,1,1,1,1,1,1,1,1,1,1,1,1,1,1,1,1,1,1,1,1,1,1,1,1,1,1
"""

You are playing: KidsWithADHDintheCandyStore
You won this match
Your game win count:       25
Opponent game win count:    5
Put the 4 lines between the """ characters in a file to watch a replay
You are the red player in the closest scoring round replay from this match:
"""
24
1649909579661
3,3,4,4,4,5,1,4,4,4,5,1,4,4,4,5,1,4,4,5,3,4,4,4,5,0,0,0,2,2,2,0,3,4,5,1,1,1,1,4,4,5,1,1,4,4,5,3,4,4,5,0,3,4,4,4,5,0,0,0,0,2,2,2,1,1,2,4,4,5,2,4,4,5,0,4,4,5,2,4,4,5,2,4,4,5,0,3,3,3,3,0,0,2,2,2,4,4,5,0,0,3,4,4,4,5,0,2,4,4,4,5,2,2,4,4,4,5,2,4,4,4,5,1,1,1,1,1,3,3,3,3,3,3,1,1,1,5,1,1,2,4,5,1,4,5,1,0,2,2,2,2,8,8,8,8,8,8,8,8,8,3,3,4,5,3,4,5,0,0,0,0,0,0,3,3,1,1,1,2,2,2,4,5,1,4,5,2,4,5,0,4,5,2,4,5,0,0,0,0,0,0,0,0,0,0,0,0,0,0,0,0,0,0,0,0,0,0,0,0,0,0,0,0,0,0,0,0,0,0,0,0,0,0,0,0,0,0,0,0,0,0,0,0,0,0,0,0,0,0,0,0,0,0,0,0,0,0,0,0,0,0,0,0,0,0,0,0,0,0,0,0,0,0,0,0,0,0,0,0,0,0,0,0,0,0,0,0,0,0,0,0,0,0,0,0,0,0,0,0,0,0,0,0,0,0,0,0,0,0,0,0,0,0,0,0,0,0,0,0,0,0,0,0,0,0,0,0,0,0,0,0,0,0,0,0,0,0,0,0,0,0,0,0,0,0,0,0,0,0,0,0,0,0,0,0,0,0,0,0,0,0,0,0,0,0,0,0,0,0,0,0,0,0,0,0,0,0,0,0,0,0,0,0,0,0,0,0,0,0,0,0,0,0,0,0,0,0,0,0,0,0,0,0,0,0,0,0,0,0,0,0,0,0,0,0,0,0,0,0,0,0,0,0,0,0,0,0,0,0,0,0,0,0,0,0,0,0,0,0,0,0,0,0,0,0,0,0,0,0,0,0,0,0,0,0,0,0,0,0,0,0,0,0,0,0,0,0,0,0,0,0,0,0,0,0,0,0,0,0,0,0,0,0,0,0,0,0,0,0,0,0,0,0,0,0,0,0,0,0,0,0,0,0,0,0,0,0,0,0,0,0,0,0,0,0,0,0,0,0,0,0,0,0,0,0,0,0,0,0,0,0,0,0,0,0,0,0,0,0,0,0,0,0,0,0,0,0,0,0,0,0,0,0,0,0,0,0,0,0,0,0,0,0,0,0,0,0,0,0,0,0,0,0,0,0,0,0,0,0,0,0,0,0,0,0,0,0,0,0,0,0,0,0,0,0,0,0,0,0,0,0,0,0,0,0,0,0,0,0,0,0,0,0,0,0,0,0,0,0,0,0,0,0,0,0,0,0,0,0,0,0,0,0,0,0,0,0,0,0,0,0,0,0,0,0,0,0,0,0,0,0,0,0,0,0,0,0,0,0,0,0,0,0,0,0,0,0,0,0,0,0,0,0,0,0,0,0,0,0,0,0,0,0,0,0,0,0,0,0,0,0,0,0,0,0,0,0,0,0,0,0,0,0,0,0,0,0,0,0,0,0,0,0,0,0,0,0,0,0,0,0,0,0,0,0,0,0,0,0,0,0,0,0,0,0,0,0,0,0,0,0,0,0,0,0,0,0,0,0,0,0,0,0,0,0,0,0,0,0,0,0,0,0,0,0,0,0,0,0,0,0,0,0,0,0,0,0,0,0,0,0,0,0,0,0,0,0,0,0,0,0,0,0,0,0,0,0,0,0,0,0,0,0,0,0,0,0,0,0,0,0,0,0,0,0,0,0,0,0,0,0,0,0,0,0,0,0,0,0,0,0,0,0,0,0,0,0,0,0,0,0,0,0,0,0,0,0,0,0,0,0,0,0,0,0,0,0,0,0,0,0,0,0,0,0,0,0,0,0,0,0,0,0,0,0,0,0,0,0,0,0,0,0,0,0,0,0,0,0,0,0,0,0,0,0,0,0,0,0,0,0,0,0,0,0,0,0,0,0,0,0,0,0,0,0,0,0,0,0,0,0,0,0,0,0,0,0,0,0,0,0,0,0,0,0,0,0,0,0,0,0,0,0,0,0,0,0,0,0,0,0,0,0,0,0,0,0,0,0,0,0,0,0,0,0,0,0,0,0,0,0,0,0,0,0,0,0,0,0,0,0,0,0,0,0,0,0,0,0,0,0,0,0,0,0,0,0,0,0
2,2,2,3,3,3,3,3,3,3,3,3,3,2,3,3,3,1,1,4,4,4,5,3,3,3,1,4,4,4,2,2,2,3,2,2,2,2,2,3,3,3,3,3,4,4,5,1,4,4,5,3,3,1,1,4,4,5,1,4,4,5,2,2,2,2,2,8,8,8,8,8,2,2,2,2,2,2,2,0,0,0,0,0,0,0,2,0,4,4,4,5,2,2,1,1,4,4,4,5,1,1,1,4,4,4,5,2,4,4,4,5,1,4,4,4,5,3,3,3,3,0,0,0,0,0,3,3,1,1,4,5,3,4,5,1,4,5,1,4,5,2,4,5,2,2,0,0,0,0,1,4,4,5,1,1,4,4,5,3,3,4,4,5,3,1,1,4,4,4,5,2,1,1,1,4,4,4,5,2,2,0,0,0,0,0,0,0,3,3,3,3,3,3,3,1,1,1,1,1,1,1,1,1,1,1,1,1,1,1,1,1,1,1,1,1,1,1,1,1,1,1,1,1,1,1,1,1,1,1,1,1,1,1,1,1,1,1,1,1,1,1,1,1,1,1,1,1,1,1,1,1,1,1,1,1,1,1,1,1,1,1,1,1,1,1,1,1,1,1,1,1,1,1,1,1,1,1,1,1,1,1,1,1,1,1,1,1,1,1,1,1,1,1,1,1,1,1,1,1,1,1,1,1,1,1,1,1,1,1,1,1,1,1,1,1,1,1,1,1,1,1,1,1,1,1,1,1,1,1,1,1,1,1,1,1,1,1,1,1,1,1,1,1,1,1,1,1,1,1,1,1,1,1,1,1,1,1,1,1,1,1,1,1,1,1,1,1,1,1,1,1,1,1,1,1,1,1,1,1,1,1,1,1,1,1,1,1,1,1,1,1,1,1,1,1,1,1,1,1,1,1,1,1,1,1,1,1,1,1,1,1,1,1,1,1,1,1,1,1,1,1,1,1,1,1,1,1,1,1,1,1,1,1,1,1,1,1,1,1,1,1,1,1,1,1,1,1,1,1,1,1,1,1,1,1,1,1,1,1,1,1,1,1,1,1,1,1,1,1,1,1,1,1,1,1,1,1,1,1,1,1,1,1,1,1,1,1,1,1,1,1,1,1,1,1,1,1,1,1,1,1,1,1,1,1,1,1,1,1,1,1,1,1,1,1,1,1,1,1,1,1,1,1,1,1,1,1,1,1,1,1,1,1,1,1,1,1,1,1,1,1,1,1,1,1,1,1,1,1,1,1,1,1,1,1,1,1,1,1,1,1,1,1,1,1,1,1,1,1,1,1,1,1,1,1,1,1,1,1,1,1,1,1,1,1,1,1,1,1,1,1,1,1,1,1,1,1,1,1,1,1,1,1,1,1,1,1,1,1,1,1,1,1,1,1,1,1,1,1,1,1,1,1,1,1,1,1,1,1,1,1,1,1,1,1,1,1,1,1,1,1,1,1,1,1,1,1,1,1,1,1,1,1,1,1,1,1,1,1,1,1,1,1,1,1,1,1,1,1,1,1,1,1,1,1,1,1,1,1,1,1,1,1,1,1,1,1,1,1,1,1,1,1,1,1,1,1,1,1,1,1,1,1,1,1,1,1,1,1,1,1,1,1,1,1,1,1,1,1,1,1,1,1,1,1,1,1,1,1,1,1,1,1,1,1,1,1,1,1,1,1,1,1,1,1,1,1,1,1,1,1,1,1,1,1,1,1,1,1,1,1,1,1,1,1,1,1,1,1,1,1,1,1,1,1,1,1,1,1,1,1,1,1,1,1,1,1,1,1,1,1,1,1,1,1,1,1,1,1,1,1,1,1,1,1,1,1,1,1,1,1,1,1,1,1,1,1,1,1,1,1,1,1,1,1,1,1,1,1,1,1,1,1,1,1,1,1,1,1,1,1,1,1,1,1,1,1,1,1,1,1,1,1,1,1,1,1,1,1,1,1,1,1,1,1,1,1,1,1,1,1,1,1,1,1,1,1,1,1,1,1,1,1,1,1,1,1,1,1,1,1,1,1,1,1,1,1,1,1,1,1,1,1,1,1,1,1,1,1,1,1,1,1,1,1,1,1,1,1,1,1,1,1,1,1,1,1,1,1,1,1,1,1,1,1,1,1,1,1,1,1,1,1,1,1,1,1,1,1,1,1,1,1,1,1,1,1,1,1,1,1,1,1,1,1,1,1,1,1,1,1,1,1,1,1,1,1,1,1,1,1,1,1,1,1,1,1,1,1,1,1,1,1,1,1,1,1,1,1
"""

You are playing: SmartStrategy1
You lost this match
Your game win count:       14
Opponent game win count:   16
Put the 4 lines between the """ characters in a file to watch a replay
You are the red player in the closest scoring round replay from this match:
"""
28
1649909616481
3,4,4,4,5,3,3,4,4,4,5,1,4,4,4,5,1,4,4,4,5,3,3,4,4,4,5,0,0,2,2,2,2,2,1,1,4,4,5,3,4,4,5,1,1,4,4,4,5,3,4,4,5,3,4,4,5,0,0,0,0,2,2,2,1,2,4,4,5,0,0,4,4,5,0,4,5,0,3,4,4,4,5,3,4,4,4,5,1,1,1,2,1,1,1,4,4,5,1,4,4,5,2,4,4,5,1,1,4,4,4,5,1,4,5,0,0,0,0,0,0,0,3,0,2,2,4,4,5,2,4,4,5,2,4,4,5,0,0,4,4,4,5,3,4,4,5,1,1,1,3,1,1,1,1,1,1,1,2,2,2,2,2,2,2,2,2,2,2,2,2,2,2,2,2,2,2,2,2,2,2,2,2,2,2,2,2,2,2,2,2,2,2,2,2,2,2,2,2,2,2,2,2,2,2,2,2,2,2,2,2,2,2,2,2,2,2,2,2,2,2,2,2,2,2,2,2,2,2,2,2,2,2,2,2,2,2,2,2,2,2,2,2,2,2,2,2,2,2,2,2,2,2,2,2,2,2,2,2,2,2,2,2,2,2,2,2,2,2,2,2,2,2,2,2,2,2,2,2,2,2,2,2,2,2,2,2,2,2,2,2,2,2,2,2,2,2,2,2,2,2,2,2,2,2,2,2,2,2,2,2,2,2,2,2,2,2,2,2,2,2,2,2,2,2,2,2,2,2,2,2,2,2,2,2,2,2,2,2,2,2,2,2,2,2,2,2,2,2,2,2,2,2,2,2,2,2,2,2,2,2,2,2,2,2,2,2,2,2,2,2,2,2,2,2,2,2,2,2,2,2,2,2,2,2,2,2,2,2,2,2,2,2,2,2,2,2,2,2,2,2,2,2,2,2,2,2,2,2,2,2,2,2,2,2,2,2,2,2,2,2,2,2,2,2,2,2,2,2,2,2,2,2,2,2,2,2,2,2,2,2,2,2,2,2,2,2,2,2,2,2,2,2,2,2,2,2,2,2,2,2,2,2,2,2,2,2,2,2,2,2,2,2,2,2,2,2,2,2,2,2,2,2,2,2,2,2,2,2,2,2,2,2,2,2,2,2,2,2,2,2,2,2,2,2,2,2,2,2,2,2,2,2,2,2,2,2,2,2,2,2,2,2,2,2,2,2,2,2,2,2,2,2,2,2,2,2,2,2,2,2,2,2,2,2,2,2,2,2,2,2,2,2,2,2,2,2,2,2,2,2,2,2,2,2,2,2,2,2,2,2,2,2,2,2,2,2,2,2,2,2,2,2,2,2,2,2,2,2,2,2,2,2,2,2,2,2,2,2,2,2,2,2,2,2,2,2,2,2,2,2,2,2,2,2,2,2,2,2,2,2,2,2,2,2,2,2,2,2,2,2,2,2,2,2,2,2,2,2,2,2,2,2,2,2,2,2,2,2,2,2,2,2,2,2,2,2,2,2,2,2,2,2,2,2,2,2,2,2,2,2,2,2,2,2,2,2,2,2,2,2,2,2,2,2,2,2,2,2,2,2,2,2,2,2,2,2,2,2,2,2,2,2,2,2,2,2,2,2,2,2,2,2,2,2,2,2,2,2,2,2,2,2,2,2,2,2,2,2,2,2,2,2,2,2,2,2,2,2,2,2,2,2,2,2,2,2,2,2,2,2,2,2,2,2,2,2,2,2,2,2,2,2,2,2,2,2,2,2,2,2,2,2,2,2,2,2,2,2,2,2,2,2,2,2,2,2,2,2,2,2,2,2,2,2,2,2,2,2,2,2,2,2,2,2,2,2,2,2,2,2,2,2,2,2,2,2,2,2,2,2,2,2,2,2,2,2,2,2,2,2,2,2,2,2,2,2,2,2,2,2,2,2,2,2,2,2,2,2,2,2,2,2,2,2,2,2,2,2,2,2,2,2,2,2,2,2,2,2,2,2,2,2,2,2,2,2,2,2,2,2,2,2,2,2,2,2,2,2,2,2,2,2,2,2,2,2,2,2,2,2,2,2,2,2,2,2,2,2,2,2,2,2,2,2,2,2,2,2,2,2,2,2,2,2,2,2,2,2,2,2,2,2,2,2,2,2,2,2,2,2,2,2,2,2,2,2,2,2,2,2,2,2,2,2,2,2,2,2,2,2,2,2,2,2,2,2,2,2,2,2,2,2,2,2,2,2,2,2,2,2,2,2,2,2,2,2,2,2,2,2,2,2,2,2,2,2,2,2,2
3,4,4,5,1,4,4,5,2,1,4,4,4,5,1,1,4,4,5,3,4,4,5,2,0,0,0,0,2,4,4,5,2,0,4,4,4,5,2,1,4,4,4,5,3,1,1,4,4,4,5,1,4,4,5,3,3,0,0,0,0,0,4,4,4,5,2,0,4,4,4,5,3,3,3,4,4,4,5,1,1,4,4,4,5,3,3,0,4,4,5,2,2,2,2,1,1,3,3,3,3,1,1,4,4,5,3,4,5,3,4,5,3,4,4,5,3,4,5,2,2,2,2,2,2,2,2,0,0,3,3,1,1,1,3,3,3,3,3,1,1,1,1,8,8,8,8,8,8,8,8,8,3,3,3,3,4,5,3,3,3,3,3,3,3,3,3,3,3,3,3,3,3,3,3,3,3,3,3,3,3,3,3,3,3,3,3,3,3,3,3,3,3,3,3,3,3,3,3,3,3,3,3,3,3,3,3,3,3,3,3,3,3,3,3,3,3,3,3,3,3,3,3,3,3,3,3,3,3,3,3,3,3,3,3,3,3,3,3,3,3,3,3,3,3,3,3,3,3,3,3,3,3,3,3,3,3,3,3,3,3,3,3,3,3,3,3,3,3,3,3,3,3,3,3,3,3,3,3,3,3,3,3,3,3,3,3,3,3,3,3,3,3,3,3,3,3,3,3,3,3,3,3,3,3,3,3,3,3,3,3,3,3,3,3,3,3,3,3,3,3,3,3,3,3,3,3,3,3,3,3,3,3,3,3,3,3,3,3,3,3,3,3,3,3,3,3,3,3,3,3,3,3,3,3,3,3,3,3,3,3,3,3,3,3,3,3,3,3,3,3,3,3,3,3,3,3,3,3,3,3,3,3,3,3,3,3,3,3,3,3,3,3,3,3,3,3,3,3,3,3,3,3,3,3,3,3,3,3,3,3,3,3,3,3,3,3,3,3,3,3,3,3,3,3,3,3,3,3,3,3,3,3,3,3,3,3,3,3,3,3,3,3,3,3,3,3,3,3,3,3,3,3,3,3,3,3,3,3,3,3,3,3,3,3,3,3,3,3,3,3,3,3,3,3,3,3,3,3,3,3,3,3,3,3,3,3,3,3,3,3,3,3,3,3,3,3,3,3,3,3,3,3,3,3,3,3,3,3,3,3,3,3,3,3,3,3,3,3,3,3,3,3,3,3,3,3,3,3,3,3,3,3,3,3,3,3,3,3,3,3,3,3,3,3,3,3,3,3,3,3,3,3,3,3,3,3,3,3,3,3,3,3,3,3,3,3,3,3,3,3,3,3,3,3,3,3,3,3,3,3,3,3,3,3,3,3,3,3,3,3,3,3,3,3,3,3,3,3,3,3,3,3,3,3,3,3,3,3,3,3,3,3,3,3,3,3,3,3,3,3,3,3,3,3,3,3,3,3,3,3,3,3,3,3,3,3,3,3,3,3,3,3,3,3,3,3,3,3,3,3,3,3,3,3,3,3,3,3,3,3,3,3,3,3,3,3,3,3,3,3,3,3,3,3,3,3,3,3,3,3,3,3,3,3,3,3,3,3,3,3,3,3,3,3,3,3,3,3,3,3,3,3,3,3,3,3,3,3,3,3,3,3,3,3,3,3,3,3,3,3,3,3,3,3,3,3,3,3,3,3,3,3,3,3,3,3,3,3,3,3,3,3,3,3,3,3,3,3,3,3,3,3,3,3,3,3,3,3,3,3,3,3,3,3,3,3,3,3,3,3,3,3,3,3,3,3,3,3,3,3,3,3,3,3,3,3,3,3,3,3,3,3,3,3,3,3,3,3,3,3,3,3,3,3,3,3,3,3,3,3,3,3,3,3,3,3,3,3,3,3,3,3,3,3,3,3,3,3,3,3,3,3,3,3,3,3,3,3,3,3,3,3,3,3,3,3,3,3,3,3,3,3,3,3,3,3,3,3,3,3,3,3,3,3,3,3,3,3,3,3,3,3,3,3,3,3,3,3,3,3,3,3,3,3,3,3,3,3,3,3,3,3,3,3,3,3,3,3,3,3,3,3,3,3,3,3,3,3,3,3,3,3,3,3,3,3,3,3,3,3,3,3,3,3,3,3,3,3,3,3,3,3,3,3,3,3,3,3,3,3,3,3,3,3,3,3,3,3,3,3,3,3,3,3,3,3,3,3,3,3,3,3,3,3,3,3,3,3,3,3,3,3,3,3,3,3,3,3,3,3,3,3,3,3,3,3,3,3,3,3,3,3,3,3,3,3,3,3,3
"""

You are playing: Jonathan Kim
You won this match
Your game win count:       23
Opponent game win count:    7
Put the 4 lines between the """ characters in a file to watch a replay
You are the red player in the closest scoring round replay from this match:
"""
20
1649909651501
1,2,4,4,5,1,4,4,5,2,4,5,0,4,4,5,2,4,5,0,3,3,3,0,2,4,4,5,2,2,4,4,5,1,4,4,5,1,1,4,4,4,5,1,4,5,0,0,0,3,3,3,1,1,3,4,4,4,5,1,2,4,4,5,1,4,4,5,1,4,4,5,1,4,4,5,0,0,0,0,0,0,1,1,1,1,2,4,5,1,4,5,1,4,5,1,4,5,3,4,4,4,5,0,0,0,0,0,0,0,1,1,1,3,3,3,4,4,4,5,1,4,5,1,4,4,4,5,1,4,4,4,5,0,2,4,4,5,0,0,0,0,1,1,1,1,2,2,2,2,2,2,2,2,2,2,2,2,2,2,2,2,2,2,2,2,2,2,2,2,2,2,2,2,2,2,2,2,2,2,2,2,2,2,2,2,2,2,2,2,2,2,2,2,2,2,2,2,2,2,2,2,2,2,2,2,2,2,2,2,2,2,2,2,2,2,2,2,2,2,2,2,2,2,2,2,2,2,2,2,2,2,2,2,2,2,2,2,2,2,2,2,2,2,2,2,2,2,2,2,2,2,2,2,2,2,2,2,2,2,2,2,2,2,2,2,2,2,2,2,2,2,2,2,2,2,2,2,2,2,2,2,2,2,2,2,2,2,2,2,2,2,2,2,2,2,2,2,2,2,2,2,2,2,2,2,2,2,2,2,2,2,2,2,2,2,2,2,2,2,2,2,2,2,2,2,2,2,2,2,2,2,2,2,2,2,2,2,2,2,2,2,2,2,2,2,2,2,2,2,2,2,2,2,2,2,2,2,2,2,2,2,2,2,2,2,2,2,2,2,2,2,2,2,2,2,2,2,2,2,2,2,2,2,2,2,2,2,2,2,2,2,2,2,2,2,2,2,2,2,2,2,2,2,2,2,2,2,2,2,2,2,2,2,2,2,2,2,2,2,2,2,2,2,2,2,2,2,2,2,2,2,2,2,2,2,2,2,2,2,2,2,2,2,2,2,2,2,2,2,2,2,2,2,2,2,2,2,2,2,2,2,2,2,2,2,2,2,2,2,2,2,2,2,2,2,2,2,2,2,2,2,2,2,2,2,2,2,2,2,2,2,2,2,2,2,2,2,2,2,2,2,2,2,2,2,2,2,2,2,2,2,2,2,2,2,2,2,2,2,2,2,2,2,2,2,2,2,2,2,2,2,2,2,2,2,2,2,2,2,2,2,2,2,2,2,2,2,2,2,2,2,2,2,2,2,2,2,2,2,2,2,2,2,2,2,2,2,2,2,2,2,2,2,2,2,2,2,2,2,2,2,2,2,2,2,2,2,2,2,2,2,2,2,2,2,2,2,2,2,2,2,2,2,2,2,2,2,2,2,2,2,2,2,2,2,2,2,2,2,2,2,2,2,2,2,2,2,2,2,2,2,2,2,2,2,2,2,2,2,2,2,2,2,2,2,2,2,2,2,2,2,2,2,2,2,2,2,2,2,2,2,2,2,2,2,2,2,2,2,2,2,2,2,2,2,2,2,2,2,2,2,2,2,2,2,2,2,2,2,2,2,2,2,2,2,2,2,2,2,2,2,2,2,2,2,2,2,2,2,2,2,2,2,2,2,2,2,2,2,2,2,2,2,2,2,2,2,2,2,2,2,2,2,2,2,2,2,2,2,2,2,2,2,2,2,2,2,2,2,2,2,2,2,2,2,2,2,2,2,2,2,2,2,2,2,2,2,2,2,2,2,2,2,2,2,2,2,2,2,2,2,2,2,2,2,2,2,2,2,2,2,2,2,2,2,2,2,2,2,2,2,2,2,2,2,2,2,2,2,2,2,2,2,2,2,2,2,2,2,2,2,2,2,2,2,2,2,2,2,2,2,2,2,2,2,2,2,2,2,2,2,2,2,2,2,2,2,2,2,2,2,2,2,2,2,2,2,2,2,2,2,2,2,2,2,2,2,2,2,2,2,2,2,2,2,2,2,2,2,2,2,2,2,2,2,2,2,2,2,2,2,2,2,2,2,2,2,2,2,2,2,2,2,2,2,2,2,2,2,2,2,2,2,2,2,2,2,2,2,2,2,2,2,2,2,2,2,2,2,2,2,2,2,2,2,2,2,2,2,2,2,2,2,2,2,2,2,2,2,2,2,2,2,2,2,2,2,2,2,2,2,2,2,2,2,2,2,2,2,2,2,2,2,2,2,2,2,2,2,2,2,2,2,2,2,2,2,2,2,2,2,2,2,2,2,2,2,2,2
3,4,4,5,3,3,4,4,5,3,4,4,5,3,4,5,1,4,5,2,2,2,2,2,0,0,0,4,4,4,5,2,4,4,4,5,1,1,1,4,4,4,5,2,1,1,4,4,5,1,1,4,4,5,3,3,0,0,0,0,0,3,3,0,4,4,5,3,0,4,4,5,3,0,4,4,4,5,3,4,4,4,5,3,0,4,4,4,5,2,2,2,2,2,2,1,1,1,1,3,3,1,1,4,5,3,4,5,3,4,5,3,4,5,3,4,4,5,2,2,2,2,2,2,0,0,3,3,3,1,4,4,5,3,4,5,1,1,4,5,3,3,4,5,1,1,8,3,3,4,5,3,3,3,3,3,3,3,3,3,3,3,3,3,3,3,3,3,3,3,3,3,3,3,3,3,3,3,3,3,3,3,3,3,3,3,3,3,3,3,3,3,3,3,3,3,3,3,3,3,3,3,3,3,3,3,3,3,3,3,3,3,3,3,3,3,3,3,3,3,3,3,3,3,3,3,3,3,3,3,3,3,3,3,3,3,3,3,3,3,3,3,3,3,3,3,3,3,3,3,3,3,3,3,3,3,3,3,3,3,3,3,3,3,3,3,3,3,3,3,3,3,3,3,3,3,3,3,3,3,3,3,3,3,3,3,3,3,3,3,3,3,3,3,3,3,3,3,3,3,3,3,3,3,3,3,3,3,3,3,3,3,3,3,3,3,3,3,3,3,3,3,3,3,3,3,3,3,3,3,3,3,3,3,3,3,3,3,3,3,3,3,3,3,3,3,3,3,3,3,3,3,3,3,3,3,3,3,3,3,3,3,3,3,3,3,3,3,3,3,3,3,3,3,3,3,3,3,3,3,3,3,3,3,3,3,3,3,3,3,3,3,3,3,3,3,3,3,3,3,3,3,3,3,3,3,3,3,3,3,3,3,3,3,3,3,3,3,3,3,3,3,3,3,3,3,3,3,3,3,3,3,3,3,3,3,3,3,3,3,3,3,3,3,3,3,3,3,3,3,3,3,3,3,3,3,3,3,3,3,3,3,3,3,3,3,3,3,3,3,3,3,3,3,3,3,3,3,3,3,3,3,3,3,3,3,3,3,3,3,3,3,3,3,3,3,3,3,3,3,3,3,3,3,3,3,3,3,3,3,3,3,3,3,3,3,3,3,3,3,3,3,3,3,3,3,3,3,3,3,3,3,3,3,3,3,3,3,3,3,3,3,3,3,3,3,3,3,3,3,3,3,3,3,3,3,3,3,3,3,3,3,3,3,3,3,3,3,3,3,3,3,3,3,3,3,3,3,3,3,3,3,3,3,3,3,3,3,3,3,3,3,3,3,3,3,3,3,3,3,3,3,3,3,3,3,3,3,3,3,3,3,3,3,3,3,3,3,3,3,3,3,3,3,3,3,3,3,3,3,3,3,3,3,3,3,3,3,3,3,3,3,3,3,3,3,3,3,3,3,3,3,3,3,3,3,3,3,3,3,3,3,3,3,3,3,3,3,3,3,3,3,3,3,3,3,3,3,3,3,3,3,3,3,3,3,3,3,3,3,3,3,3,3,3,3,3,3,3,3,3,3,3,3,3,3,3,3,3,3,3,3,3,3,3,3,3,3,3,3,3,3,3,3,3,3,3,3,3,3,3,3,3,3,3,3,3,3,3,3,3,3,3,3,3,3,3,3,3,3,3,3,3,3,3,3,3,3,3,3,3,3,3,3,3,3,3,3,3,3,3,3,3,3,3,3,3,3,3,3,3,3,3,3,3,3,3,3,3,3,3,3,3,3,3,3,3,3,3,3,3,3,3,3,3,3,3,3,3,3,3,3,3,3,3,3,3,3,3,3,3,3,3,3,3,3,3,3,3,3,3,3,3,3,3,3,3,3,3,3,3,3,3,3,3,3,3,3,3,3,3,3,3,3,3,3,3,3,3,3,3,3,3,3,3,3,3,3,3,3,3,3,3,3,3,3,3,3,3,3,3,3,3,3,3,3,3,3,3,3,3,3,3,3,3,3,3,3,3,3,3,3,3,3,3,3,3,3,3,3,3,3,3,3,3,3,3,3,3,3,3,3,3,3,3,3,3,3,3,3,3,3,3,3,3,3,3,3,3,3,3,3,3,3,3,3,3,3,3,3,3,3,3,3,3,3,3,3,3,3,3,3,3,3,3,3,3,3,3,3,3,3,3,3,3,3,3,3,3,3,3,3,3,3,3,3,3,3,3,3,3,3,3,3,3,3,3,3,3,3
"""

You are playing: FastStrategy
You won this match
Your game win count:       30
Opponent game win count:    0
Put the 4 lines between the """ characters in a file to watch a replay
You are the blue player in the closest scoring round replay from this match:
"""
20
1649909690377
2,1,3,1,3,2,3,2,1,3,2,3,3,4,4,5,3,2,2,3,3,2,1,3,1,4,4,4,5,2,2,1,4,5,1,4,4,5,3,4,4,4,5,2,2,0,0,0,0,0,0,0,2,2,3,1,3,3,1,1,1,4,4,5,2,4,4,5,3,1,1,2,4,5,1,4,4,5,3,3,2,1,3,2,2,1,4,4,5,0,0,0,0,0,0,0,0,0,1,2,3,3,2,2,2,2,2,1,1,1,1,1,1,1,8,8,8,8,8,8,8,8,8,1,2,2,3,2,3,1,2,4,4,5,1,4,4,4,5,3,4,5,3,3,1,3,2,3,1,4,4,5,1,1,1,3,2,1,1,2,3,3,2,3,3,3,3,2,3,3,2,2,3,2,2,2,3,3,2,3,3,2,2,3,2,3,2,2,2,3,3,2,2,3,2,2,3,3,2,3,3,2,3,3,3,2,3,2,2,2,2,2,2,0,0,0,0,0,0,0,0,0,0,8,8,8,8,8,8,8,8,8,2,2,1,2,4,5,2,2,2,1,1,1,3,4,4,5,2,3,2,3,3,3,3,4,4,5,3,4,4,5,2,2,2,2,3,2,2,2,4,5,3,2,2,1,4,4,4,5,1,3,4,4,4,5,3,2,2,1,1,3,1,2,3,2,2,2,2,3,3,2,2,2,3,3,2,3,3
3,3,4,4,5,1,3,4,5,3,3,4,5,3,4,5,1,4,5,0,0,2,2,2,2,2,2,0,0,3,4,4,4,5,3,3,4,4,5,1,4,4,5,3,3,4,4,5,1,3,4,4,5,2,2,2,2,2,2,1,1,3,3,4,4,5,1,4,5,3,4,5,0,3,4,5,3,4,5,0,0,2,2,2,2,2,1,1,1,3,4,4,5,1,4,5,1,4,5,3,4,5,3,4,5,0,0,0,0,0,2,2,2,1,1,2,2,4,4,5,1,4,4,5,1,1,4,4,4,5,1,0,3,3,3,3,3,3,3,8,8,8,8,8,8,8,8,8,3,3,4,5,3,4,5,1,1,1,1,1,3,3,3,4,4,5,0,4,4,5,2,2,4,4,4,5,1,4,4,5,0,0,0,4,5,1,1,1,3,1,3,3,4,4,4,5,0,0,0,3,4,4,4,5,2,2,2,2,2,4,4,4,5,0,4,4,5,0,4,5,1,1,1,1,3,3,0,0,0,0,0,4,4,5,2,4,5,1,4,4,5,0,0,4,5,0,2,4,5,1,1,1,1,1,1,1,3,3,1,1,2,2,2,4,4,4,5,0,2,4,4,5,0,0,4,4,4,5,2,4,5,2,4,4,5,1,3,3,0,0,0,0,8,8,8,8,8,8,8,8,8,1,1,1,1,3,3,3,3
"""

You are playing: my stg
You lost this match
Your game win count:        8
Opponent game win count:   22
Put the 4 lines between the """ characters in a file to watch a replay
You are the red player in the closest scoring round replay from this match:
"""
24
1649909717826
3,4,4,4,5,1,4,4,5,1,4,4,4,5,1,4,4,4,5,2,4,4,5,0,0,0,1,4,4,5,1,1,1,4,4,5,2,4,5,0,4,4,5,2,4,5,0,0,0,3,3,0,3,3,4,4,4,5,3,4,4,5,1,1,1,4,4,5,1,1,1,2,4,4,5,1,4,4,5,0,0,0,0,0,0,2,2,0,0,2,4,4,5,0,4,4,4,5,2,2,4,4,4,5,0,4,4,4,5,1,2,4,4,5,1,1,1,3,3,3,3,1,1,2,2,4,4,5,2,4,5,2,4,5,1,4,5,2,4,5,0,0,0,3,3,3,1,1,1,1,1,1,2,2,2,2,2,8,8,8,8,8,8,8,8,8,0,0,0,0,0,0,3,3,3,3,3,0,0,2,2,2,2,4,4,5,1,1,1,1,2,4,5,2,4,5,1,4,4,4,5,2,4,5,0,0,0,3,3,3,3,3,3,3,1,1,1,1,1,1,2,4,5,2,4,5,1,4,5,1,4,5,1,4,5,0,0,0,0,0,0,0,0,0,3,3,1,1,1,1,1,2,2,4,5,1,2,4,5,0,0,4,5,1,1,1,1,1,4,5,1,0,0,0,0,2,2,8,8,8,8,8,8,8,8,8,1,1,1,4,5,1,1,1,2,2,2,2,2,2,2,1,4,4,5,3,3,4,4,5,1,2,4,4,4,5,1,4,4,4,5,3,3,4,4,4,5,0,0,0,2,2,2,0,4,4,5,3,4,4,5,0,3,4,4,5,0,4,5,3,4,5,1,1,1,2,2,2,2,2,4,4,4,5,1,4,4,4,5,0,0,0,0,4,4,4,5,3,3,4,4,5,3,4,4,5,1,1,1,2,0,0,0,0,4,4,4,5,3,4,5,3,4,5,3,4,4,5,0,4,4,4,5,1,1,1,1,1,2,2,2
2,2,2,4,4,4,5,1,1,1,1,1,1,4,4,4,5,1,4,4,4,5,2,4,4,4,5,2,0,0,4,4,4,5,3,3,3,3,3,0,0,0,0,0,3,4,4,5,3,4,4,5,3,3,4,4,5,1,4,5,2,4,4,5,2,2,2,0,3,1,1,4,5,3,1,4,5,1,4,5,1,4,5,3,0,4,4,4,5,2,2,2,0,0,0,0,3,3,0,0,0,4,4,4,5,3,3,3,3,0,4,4,4,5,0,4,4,4,5,3,3,4,4,5,2,1,1,4,5,2,2,2,3,3,1,1,1,1,1,1,1,1,1,8,8,8,8,8,8,8,8,8,3,3,1,3,3,3,3,1,1,1,1,1,2,4,4,5,1,4,4,5,1,4,4,4,5,2,1,4,4,4,5,1,4,4,4,5,3,3,0,0,0,0,3,3,0,4,4,4,5,0,0,0,4,4,4,5,2,4,4,5,0,4,4,4,5,0,4,4,5,2,1,1,1,1,1,1,2,2,2,1,4,4,5,2,4,4,5,0,4,4,5,0,4,5,3,4,4,5,3,3,3,1,3,3,3,0,0,0,0,4,4,4,5,3,3,4,4,4,5,1,4,4,4,5,0,0,4,4,4,5,0,4,4,4,5,2,2,2,2,2,1,1,1,2,2,2,2,2,0,0,8,8,8,8,8,8,8,8,8,3,3,3,3,3,1,1,1,1,1,2,2,2,2,2,2,4,4,5,1,4,4,5,1,4,4,5,1,4,4,5,2,0,0,0,4,4,5,3,3,3,3,3,3,3,3,0,0,0,4,5,3,3,4,5,3,3,0,0,0,0,4,4,4,5,2,2,2,2,2,2,2,2,1,1,1,1,1,1,1,1,1,1,1,1,4,4,4,5,2,2,4,4,4,5,3,3,3,2,2,2,0,0,0,0,0,0,0,0,0
"""

You are playing: Alan Santiago
You won this match
Your game win count:       23
Opponent game win count:    7
Put the 4 lines between the """ characters in a file to watch a replay
You are the blue player in the closest scoring round replay from this match:
"""
28
1649909754873
0,4,4,4,5,2,4,4,5,0,4,4,4,5,0,4,4,4,5,1,3,3,4,4,4,5,1,1,2,1,1,4,4,5,3,4,4,5,3,3,4,4,4,5,1,4,4,4,5,1,3,4,4,4,5,0,0,0,0,2,2,2,2,1,1,2,4,4,5,1,4,4,5,1,4,4,5,2,4,5,1,4,5,0,0,0,0,0,3,3,1,2,2,4,4,4,5,1,4,4,5,2,4,5,1,4,5,2,4,5,0,0,0,3,3,3,3,1,3,3,3,4,4,4,5,3,4,4,4,5,1,1,1,1,1,1,1,2,2,2,2,2,2,2,2,2,2,8,8,8,8,8,8,8,8,8,3,3,4,5,3,4,5,3,4,4,4,5,0,0,0,0,0,0,0,0,3,3,1,2,2,2,4,4,5,1,2,4,5,2,4,5,1,4,5,1,4,5,0,0,0,0,3,3,3,3,3,2,2,2,2,4,4,5,0,4,4,5,0,4,4,5,3,4,4,5,0,0,2,4,4,5,1,1,1,1,3,3,3,3,1,1,1,1,3,4,4,5,1,1,1,2,4,4,5,2,1,2,2,2,2,2,8,8,8,8,8,8,8,8,1,1,4,5,3,4,5,3,4,5,0,0,0,0,0,0,0,0,0,0,3,3,3,3,1,2,2,2,2,2,4,5,2,4,4,5,2,4,5,1,4,5,1,4,5,0,0,0,3,3,3,3,3,3,3,2,2,2,2,2,2,2,4,4,5,0,4,4,5,2,4,4,5,1,4,4,5,1,4,5,0,3,3,3,3,3,3,3,3,1,1,1,1,1,1,1,1,2,2,2,2,2,2,8,8,8,8,8,8,8,8,1,1,1,4,4,5,3,4,5,3,4,5,0,3,4,5,0,4,5,0,0,0,0,0,0,0,0,0,3,3,3,1,1,1,1,1,0,3,3,3,3,3,3,4,4,4,5,1,1,1,4,4,4,5,1,1,1,1,1,1,2,2,2,2,2,2,2,2,2,2,2,4,5,1,2,2,2,2,2,2,2,2,2,2,2,2,2,2,2,2,2,2,2,2,2,2,2,2,2,2,2,2,2,2,2,2,2,2,2,2,2,2,2,2,2,2,2,2,2,2,2,2,2,2,2,2,2,2,2,2,2,2,2,2,2,2,2,2,2,2,2,2,2,2,2,2,2,2,2,2,2,2,2,2,2,2,2,2,2,2,2,2,2,2,2,2,2,2,2,2,2,2,2,2,2,2,2,2,2,2,2,2,2,2,2,2,2,2,2,2,2,2,2,2,2,2,2,2,2,2,2,2,2,2,2,2,2,2,2,2,2,2,2,2,2,2,2,2,2,2,2,2,2,2,2,2,2,2,2,2,2,2,2,2,2,2,2,2,2,2,2,2,2,2,2,2,2,2,2,2,2,2,2,2,2,2,2,2,2,2,2,2,2,2,2,2,2,2,2,2,2,2,2,2,2,2,2,2,2,2,2,2,2,2,2,2,2,2,2,2,2,2,2,2,2,2,2,2,2,2,2,2,2,2,2,2,2,2,2,2,2,2,2,2,2,2,2,2,2,2,2,2,2,2,2,2,2,2,2,2,2,2,2,2,2,2,2,2,2,2,2,2,2,2,2,2,2,2,2,2,2,2,2,2,2,2,2,2,2,2,2,2,2,2,2,2,2,2,2,2,2,2,2,2,2,2,2,2,2,2,2,2,2,2,2,2,2,2,2,2,2,2,2,2,2,2,2,2,2,2,2,2,2,2,2,2,2,2,2,2,2,2,2,2,2,2,2,2,2,2,2,2,2,2,2,2,2,2,2,2,2,2,2,2,2,2,2,2,2,2,2,2,2,2,2,2,2,2,2,2,2,2,2,2,2,2,2,2,2,2,2,2,2,2,2,2,2,2,2,2,2,2,2,2,2,2,2,2,2,2,2,2,2,2,2,2,2,2,2,2,2,2,2,2,2,2,2,2,2,2,2,2,2,2,2,2,2,2,2,2,2,2,2,2,2,2,2,2,2,2,2,2,2,2,2,2,2,2,2,2,2,2,2,2,2,2,2,2,2,2,2,2,2,2,2,2,2,2,2,2,2,2,2,2,2,2,2,2,2,2,2,2,2,2,2,2,2,2,2,2,2,2,2,2,2,2,2,2,2,2,2,2,2,2,2,2,2,2,2,2,2,2,2,2,2,2,2,2,2,2,2,2,2,2,2,2,2,2,2,2,2,2,2,2,2,2,2,2,2
3,4,4,5,3,4,4,5,3,3,4,4,5,1,4,4,5,1,4,5,0,0,2,2,2,2,0,4,4,4,5,0,3,4,4,5,3,3,4,5,3,3,4,4,5,3,3,4,4,5,1,1,2,2,2,2,2,2,2,2,4,4,4,5,2,4,4,4,5,0,4,4,4,5,1,2,4,4,4,5,1,1,1,4,4,4,5,0,0,0,3,3,3,1,3,4,4,5,3,3,4,4,4,5,1,4,5,1,4,5,3,4,5,0,0,0,2,2,2,2,1,1,1,1,4,4,5,3,4,4,5,3,4,5,3,4,4,5,3,4,5,0,0,0,0,1,1,1,1,1,1,1,3,3,3,8,8,8,8,8,8,8,8,8,1,1,1,1,1,1,1,3,3,3,3,3,3,3,0,0,4,4,5,2,4,4,5,1,4,4,5,1,1,4,4,4,5,1,4,4,4,5,0,0,3,1,3,3,4,4,4,5,0,3,3,3,4,4,4,5,0,0,0,4,4,4,5,0,0,4,4,4,5,0,2,4,4,4,5,1,1,1,1,1,1,2,2,2,2,1,1,1,4,4,4,5,1,2,2,4,4,4,5,0,0,2,4,4,5,2,4,4,5,2,2,4,4,5,0,0,3,3,3,3,3,3,0,0,0,0,0,0,0,2,2,2,2,2,2,8,8,8,8,8,8,8,8,8,3,3,3,4,5,3,4,5,3,4,5,0,4,4,5,2,4,5,1,1,1,1,1,1,1,1,3,3,0,0,0,3,4,4,5,0,3,4,4,5,0,0,3,4,5,0,3,4,4,4,5,0,4,5,1,1,1,1,1,1,1,1,2,2,2,2,0,0,0,2,2,4,4,4,5,2,4,5,1,4,5,2,4,5,2,4,5,1,1,3,3,3,3,3,0,0,0,0,0,2,4,5,0,0,0,0,2,2,4,5,0,0,2,2,2,4,5,2,2,1,1,1,1,3,3,8,8,8,8,8,8,8,8,8,1,1,1,1,4,5,1,4,5,1,1,3,3,3,3,3,3,3,3,3,3,3,3,3,3,3,3,3,3,3,3,3,3,3,3,3,3,3,3,3,3,3,3,3,3,3,3,3,3,3,3,3,3,3,3,3,3,3,3,3,3,3,3,3,3,3,3,3,3,3,3,3,3,3,3,3,3,3,3,3,3,3,3,3,3,3,3,3,3,3,3,3,3,3,3,3,3,3,3,3,3,3,3,3,3,3,3,3,3,3,3,3,3,3,3,3,3,3,3,3,3,3,3,3,3,3,3,3,3,3,3,3,3,3,3,3,3,3,3,3,3,3,3,3,3,3,3,3,3,3,3,3,3,3,3,3,3,3,3,3,3,3,3,3,3,3,3,3,3,3,3,3,3,3,3,3,3,3,3,3,3,3,3,3,3,3,3,3,3,3,3,3,3,3,3,3,3,3,3,3,3,3,3,3,3,3,3,3,3,3,3,3,3,3,3,3,3,3,3,3,3,3,3,3,3,3,3,3,3,3,3,3,3,3,3,3,3,3,3,3,3,3,3,3,3,3,3,3,3,3,3,3,3,3,3,3,3,3,3,3,3,3,3,3,3,3,3,3,3,3,3,3,3,3,3,3,3,3,3,3,3,3,3,3,3,3,3,3,3,3,3,3,3,3,3,3,3,3,3,3,3,3,3,3,3,3,3,3,3,3,3,3,3,3,3,3,3,3,3,3,3,3,3,3,3,3,3,3,3,3,3,3,3,3,3,3,3,3,3,3,3,3,3,3,3,3,3,3,3,3,3,3,3,3,3,3,3,3,3,3,3,3,3,3,3,3,3,3,3,3,3,3,3,3,3,3,3,3,3,3,3,3,3,3,3,3,3,3,3,3,3,3,3,3,3,3,3,3,3,3,3,3,3,3,3,3,3,3,3,3,3,3,3,3,3,3,3,3,3,3,3,3,3,3,3,3,3,3,3,3,3,3,3,3,3,3,3,3,3,3,3,3,3,3,3,3,3,3,3,3,3,3,3,3,3,3,3,3,3,3,3,3,3,3,3,3,3,3,3,3,3,3,3,3,3,3,3,3,3,3,3,3,3,3,3,3,3,3,3,3,3,3,3,3,3,3,3,3,3,3,3,3,3,3,3,3,3,3,3,3,3,3,3,3,3,3,3,3,3,3,3,3,3,3,3,3,3,3,3,3,3,3,3,3,3,3,3,3,3,3,3,3,3,3,3,3,3,3,3,3,3,3,3,3,3,3,3,3
"""

You are playing: SimpleStrategy
You lost this match
Your game win count:       14
Opponent game win count:   16
Put the 4 lines between the """ characters in a file to watch a replay
You are the blue player in the closest scoring round replay from this match:
"""
20
1649909783737
3,0,4,4,4,5,2,0,4,4,4,5,2,2,0,4,4,4,5,2,2,2,0,4,4,4,5,2,2,4,4,5,3,3,3,3,3,3,3,1,1,1,1,2,1,1,4,4,5,2,4,5,2,4,5,2,4,5,2,4,5,3,3,3,3,3,0,0,2,2,1,4,4,4,5,2,4,4,5,2,4,4,5,2,4,4,4,5,0,0,4,4,5,3,3,3,3,3,1,2,1,1,1,4,4,5,1,4,4,5,2,4,4,4,5,2,4,5,0,4,5,3,3,3,0,0,0,2,2,1,1,1,4,5,1,1,4,5,1,4,5,2,4,5,1,4,5,2,0,8,8,8,8,8,8,8,8,8,2,2,2,2,2,2,1,1,1,1,3,4,4,5,1,4,4,4,5,2,2,4,5,3,1,4,4,4,5,1,4,4,4,5,0,0,0,3,3,3,4,4,4,5,0,4,4,5,0,4,5,3,4,5,3,4,5,2,2,2,2,2,1,1,3,0,0,4,4,5,0,4,4,5,3,3,4,5,3,4,5,1,1,4,5,2,2,2,2,1,3,3,3,3,4,4,5,1,4,4,5,3,4,4,4,5,1,4,4,5,3,4,4,5,2,2,2,2,2,2,0,0,3,3,0,0,4,4,5,3,3,3,1,4,5,3,1,0,0,0,0,8,8,8,8,8,8,8,8,8,3,0,4,5,3,3,4,5,3,4,4,5,0,0,0
0,4,4,4,5,0,3,3,4,4,5,0,3,4,4,4,5,3,4,4,4,5,0,4,4,4,5,1,1,1,1,2,2,2,2,2,2,4,4,4,5,1,4,4,4,5,1,1,1,4,4,5,3,3,4,4,5,3,4,5,0,0,0,0,2,1,1,3,4,4,5,3,4,5,3,4,5,3,4,5,0,4,5,0,2,2,2,2,1,1,1,3,4,4,5,3,4,5,1,4,4,5,1,4,4,5,3,4,5,0,0,0,0,0,2,2,2,1,1,1,1,1,4,4,5,3,4,5,1,4,5,3,4,5,3,4,5,0,0,0,0,0,0,1,1,1,1,1,3,3,8,8,8,8,8,8,8,8,8,1,1,1,1,1,1,3,3,3,3,3,3,4,4,4,5,0,4,4,5,3,4,4,4,5,0,3,4,4,4,5,0,3,4,4,4,5,1,1,1,2,2,2,2,1,2,4,4,5,0,0,4,4,5,0,4,4,5,0,4,4,5,0,3,4,5,1,1,1,1,0,2,2,2,4,5,0,4,5,2,4,5,1,1,4,4,5,2,4,4,5,3,3,3,3,3,0,0,0,3,3,4,4,5,0,3,4,4,4,5,0,3,4,4,4,5,0,0,4,4,4,5,2,4,4,4,5,1,1,1,1,1,1,1,0,0,0,0,0,2,2,2,2,2,2,2,8,8,8,8,8,8,8,8,8,1,1,1,1,1,3,3,3,3
"""

You are playing: Benny Strat
You lost this match
Your game win count:        5
Opponent game win count:   25
Put the 4 lines between the """ characters in a file to watch a replay
You are the red player in the closest scoring round replay from this match:
"""
20
1649909807820
3,4,5,3,4,4,4,5,1,1,4,4,4,5,1,4,4,5,1,4,4,5,0,0,0,0,2,2,2,4,4,5,1,4,4,5,1,4,4,5,3,4,4,5,3,4,4,5,0,0,2,0,0,3,4,4,4,5,2,2,4,4,5,2,2,2,4,4,5,1,1,4,4,5,1,4,5,0,3,3,3,3,1,2,2,4,4,5,1,4,5,2,2,1,1,4,5,1,4,5,3,4,5,0,0,0,0,0,3,1,1,3,3,3,3,4,4,4,5,1,1,1,1,4,4,4,5,1,1,2,4,4,4,5,2,4,4,4,5,1,1,1,0,0,0,0,0,0,2,2,2,2,2,2,8,8,8,8,8,8,8,8,8,0,3,4,5,0,0,0,0,3,3,3,1,1,1,2,2,2,4,4,4,5,2,4,5,0,2,4,5,0,4,5,2,4,5,0,3,3,3,3,3,3,0,2,2,2,2,2,4,4,5,0,0,4,4,4,5,0,4,4,4,5,3,4,4,4,5,2,2,2,4,4,4,5,1,1,1,1,3,3,3,3,3,3,3,1,1,1,1,1,1,2,2,4,5,1,2,2,4,4,5,2,4,5,1,4,5,2,4,5,1,1,2,2,2,2,2,2,2,2,2,2,2,2,2,2,2,2,2,2,2,2,2,2,2,2,2,2,2,2,2,2,2,2,2,2,2,2,2,2,2,2,2,2,2,2,2,2,2,2,2,2,2,2,2,2,2,2,2,2,2,2,2,2,2,2,2,2,2,2,2,2,2,2,2,2,2,2,2,2,2,2,2,2,2,2,2,2,2,2,2,2,2,2,2,2,2,2,2,2,2,2,2,2,2,2,2,2,2,2,2,2,2,2,2,2,2,2,2,2,2,2,2,2,2,2,2,2,2,2,2,2,2,2,2,2,2,2,2,2,2,2,2,2,2,2,2,2,2,2,2,2,2,2,2,2,2,2,2,2,2,2,2,2,2,2,2,2,2,2,2,2,2,2,2,2,2,2,2,2,2,2,2,2,2,2,2,2,2,2,2,2,2,2,2,2,2,2,2,2,2,2,2,2,2,2,2,2,2,2,2,2,2,2,2,2,2,2,2,2,2,2,2,2,2,2,2,2,2,2,2,2,2,2,2,2,2,2,2,2,2,2,2,2,2,2,2,2,2,2,2,2,2,2,2,2,2,2,2,2,2,2,2,2,2,2,2,2,2,2,2,2,2,2,2,2,2,2,2,2,2,2,2,2,2,2,2,2,2,2,2,2,2,2,2,2,2,2,2,2,2,2,2,2,2,2,2,2,2,2,2,2,2,2,2,2,2,2,2,2,2,2,2,2,2,2,2,2,2,2,2,2,2,2,2,2,2,2,2,2,2,2,2,2,2,2,2,2,2,2,2,2,2,2,2,2,2,2,2,2,2,2,2,2,2,2,2,2,2,2,2,2,2,2,2,2,2,2,2,2,2,2,2,2,2,2,2,2,2,2,2,2,2,2,2,2,2,2,2,2,2,2,2,2,2,2,2,2,2,2,2,2,2,2,2,2,2,2,2,2,2,2,2,2,2,2,2,2,2,2,2,2,2,2,2,2,2,2,2,2,2,2,2,2,2,2,2,2,2,2,2,2,2,2,2,2,2,2,2,2,2,2,2,2,2,2,2,2,2,2,2,2,2,2,2,2,2,2,2,2,2,2,2,2,2,2,2,2,2,2,2,2,2,2,2,2,2,2,2,2,2,2,2,2,2,2,2,2,2,2,2,2,2,2,2,2,2,2,2,2,2,2,2,2,2,2,2,2,2,2,2,2,2,2,2,2,2,2,2,2,2,2,2,2,2,2,2,2,2,2,2,2,2,2,2,2,2,2,2,2,2,2,2,2,2,2,2,2,2,2,2,2,2,2,2,2,2,2,2,2,2,2,2,2,2,2,2,2,2,2,2,2,2,2,2,2,2,2,2,2,2,2,2,2,2,2,2,2,2,2,2,2,2,2,2,2,2,2,2,2,2,2,2,2,2,2,2,2,2,2,2,2,2,2,2,2,2,2,2,2,2,2,2,2,2,2,2,2,2,2,2,2,2,2,2,2,2,2,2,2,2,2,2,2,2,2,2,2,2,2,2,2,2,2,2,2,2,2,2,2,2,2,2,2,2,2,2,2,2,2,2,2,2,2,2,2,2,2,2,2,2,2,2,2,2,2,2,2,2,2,2,2,2,2,2,2,2,2,2,2,2,2,2,2,2,2,2,2
0,4,4,4,5,0,4,4,4,5,0,4,4,4,5,3,4,4,4,5,3,3,1,4,4,4,5,2,2,2,1,1,2,1,1,4,4,5,1,1,1,4,4,5,3,3,4,5,1,4,4,5,2,2,4,4,4,5,0,0,0,0,0,0,3,3,3,1,4,4,4,5,3,1,4,4,4,5,0,0,3,3,4,4,4,5,3,3,1,4,5,1,4,5,2,2,2,2,2,2,2,0,0,2,0,0,4,4,4,5,2,2,1,1,4,4,4,5,0,0,0,3,3,3,3,3,3,3,3,1,1,1,1,1,1,1,1,8,8,8,8,8,8,8,8,8,3,3,1,4,5,1,4,4,4,5,3,4,5,3,3,1,1,1,2,0,4,4,5,0,4,4,4,5,0,4,4,5,0,4,4,5,3,3,4,4,5,2,1,1,1,1,2,2,2,0,4,5,0,4,5,2,4,5,1,4,4,5,2,4,5,3,3,3,3,3,1,1,4,4,4,5,3,3,4,4,4,5,2,2,2,2,2,4,4,5,2,4,4,5,0,4,4,4,5,3,3,3,3,2,2,2,2,2,4,4,5,2,4,4,5,2,4,4,5,2,4,4,5,1,4,4,5,0,3,3,3,3,3,3,3,3,3,3,3,3,3,3,3,3,3,3,3,3,3,3,3,3,3,3,3,3,3,3,3,3,3,3,3,3,3,3,3,3,3,3,3,3,3,3,3,3,3,3,3,3,3,3,3,3,3,3,3,3,3,3,3,3,3,3,3,3,3,3,3,3,3,3,3,3,3,3,3,3,3,3,3,3,3,3,3,3,3,3,3,3,3,3,3,3,3,3,3,3,3,3,3,3,3,3,3,3,3,3,3,3,3,3,3,3,3,3,3,3,3,3,3,3,3,3,3,3,3,3,3,3,3,3,3,3,3,3,3,3,3,3,3,3,3,3,3,3,3,3,3,3,3,3,3,3,3,3,3,3,3,3,3,3,3,3,3,3,3,3,3,3,3,3,3,3,3,3,3,3,3,3,3,3,3,3,3,3,3,3,3,3,3,3,3,3,3,3,3,3,3,3,3,3,3,3,3,3,3,3,3,3,3,3,3,3,3,3,3,3,3,3,3,3,3,3,3,3,3,3,3,3,3,3,3,3,3,3,3,3,3,3,3,3,3,3,3,3,3,3,3,3,3,3,3,3,3,3,3,3,3,3,3,3,3,3,3,3,3,3,3,3,3,3,3,3,3,3,3,3,3,3,3,3,3,3,3,3,3,3,3,3,3,3,3,3,3,3,3,3,3,3,3,3,3,3,3,3,3,3,3,3,3,3,3,3,3,3,3,3,3,3,3,3,3,3,3,3,3,3,3,3,3,3,3,3,3,3,3,3,3,3,3,3,3,3,3,3,3,3,3,3,3,3,3,3,3,3,3,3,3,3,3,3,3,3,3,3,3,3,3,3,3,3,3,3,3,3,3,3,3,3,3,3,3,3,3,3,3,3,3,3,3,3,3,3,3,3,3,3,3,3,3,3,3,3,3,3,3,3,3,3,3,3,3,3,3,3,3,3,3,3,3,3,3,3,3,3,3,3,3,3,3,3,3,3,3,3,3,3,3,3,3,3,3,3,3,3,3,3,3,3,3,3,3,3,3,3,3,3,3,3,3,3,3,3,3,3,3,3,3,3,3,3,3,3,3,3,3,3,3,3,3,3,3,3,3,3,3,3,3,3,3,3,3,3,3,3,3,3,3,3,3,3,3,3,3,3,3,3,3,3,3,3,3,3,3,3,3,3,3,3,3,3,3,3,3,3,3,3,3,3,3,3,3,3,3,3,3,3,3,3,3,3,3,3,3,3,3,3,3,3,3,3,3,3,3,3,3,3,3,3,3,3,3,3,3,3,3,3,3,3,3,3,3,3,3,3,3,3,3,3,3,3,3,3,3,3,3,3,3,3,3,3,3,3,3,3,3,3,3,3,3,3,3,3,3,3,3,3,3,3,3,3,3,3,3,3,3,3,3,3,3,3,3,3,3,3,3,3,3,3,3,3,3,3,3,3,3,3,3,3,3,3,3,3,3,3,3,3,3,3,3,3,3,3,3,3,3,3,3,3,3,3,3,3,3,3,3,3,3,3,3,3,3,3,3,3,3,3,3,3,3,3,3,3,3,3,3,3,3,3,3,3,3,3,3,3,3,3,3,3,3,3,3,3,3,3,3,3,3,3,3,3,3,3,3,3,3,3,3,3,3,3,3,3
"""

You are playing: We are Winning!
You won this match
Your game win count:       30
Opponent game win count:    0
Put the 4 lines between the """ characters in a file to watch a replay
You are the red player in the closest scoring round replay from this match:
"""
20
1649909832418
3,4,4,4,5,0,4,4,4,5,1,3,3,4,4,4,5,1,4,4,4,5,1,4,5,0,0,2,2,2,2,4,4,5,2,4,5,0,4,4,5,1,2,4,4,5,1,4,4,5,0,3,3,3,1,3,3,4,4,4,5,1,1,1,3,3,4,5,1,4,4,4,5,1,1,4,4,4,5,2,4,4,4,5,0,0,0,0,0,0,0,2,2,2,1,1,1,2,4,5,1,4,5,1,4,5,3,4,4,5,3,4,4,5,0,0,0,0,0,2,1,1,2,2,4,4,5,1,4,5,1,4,5,1,4,5,1,4,5,0,0,0,0,0,0,1,1,1,1,1,2,2,8,8,8,8,8,8,8,8,8,0,0,0,0,0,3,3,3,3,1,1,2,2,2,4,4,5,1,4,5,1,4,5,1,1,4,5,1,4,5,0,0,0,0,0,0,0,3,3,3,0,2,2,2,2,4,4,5,2,4,4,5,1,4,4,5,0,0,4,4,5,0,4,4,4,5,1,1,1,3,3,3,3,3,0,0,0,0,2,2,2,4,4,4,5,1,2,4,4,4,5,1,2,2,4,4,4,5,1,1,1,1,1,4,5,2,4,5,0,0,0,3,3,3,3,3,1,1,1,1,1,1,1,1,1,1,1,1,1,1,1,1,1,1,1,1,1,1,1,1,1,1,1,1,1,1,1,1,1,1,1,1,1,1,1,1,1,1,1,1,1,1,1,1,1,1,1,1,1,1,1,1,1,1,1,1,1,1,1,1,1,1,1,1,1,1,1,1,1,1,1,1,1,1,1,1,1,1,1,1,1,1,1,1,1,1,1,1,1,1,1,1,1,1,1,1,1,1,1,1,1,1,1,1,1,1,1,1,1,1,1,1,1,1,1,1,1,1,1,1,1,1,1,1,1,1,1,1,1,1,1,1,1,1,1,1,1,1,1,1,1,1,1,1,1,1,1,1,1,1,1,1,1,1,1,1,1,1,1,1,1,1,1,1,1,1,1,1,1,1,1,1,1,1,1,1,1,1,1,1,1,1,1,1,1,1,1,1,1,1,1,1,1,1,1,1,1,1,1,1,1,1,1,1,1,1,1,1,1,1,1,1,1,1,1,1,1,1,1,1,1,1,1,1,1,1,1,1,1,1,1,1,1,1,1,1,1,1,1,1,1,1,1,1,1,1,1,1,1,1,1,1,1,1,1,1,1,1,1,1,1,1,1,1,1,1,1,1,1,1,1,1,1,1,1,1,1,1,1,1,1,1,1,1,1,1,1,1,1,1,1,1,1,1,1,1,1,1,1,1,1,1,1,1,1,1,1,1,1,1,1,1,1,1,1,1,1,1,1,1,1,1,1,1,1,1,1,1,1,1,1,1,1,1,1,1,1,1,1,1,1,1,1,1,1,1,1,1,1,1,1,1,1,1,1,1,1,1,1,1,1,1,1,1,1,1,1,1,1,1,1,1,1,1,1,1,1,1,1,1,1,1,1,1,1,1,1,1,1,1,1,1,1,1,1,1,1,1,1,1,1,1,1,1,1,1,1,1,1,1,1,1,1,1,1,1,1,1,1,1,1,1,1,1,1,1,1,1,1,1,1,1,1,1,1,1,1,1,1,1,1,1,1,1,1,1,1,1,1,1,1,1,1,1,1,1,1,1,1,1,1,1,1,1,1,1,1,1,1,1,1,1,1,1,1,1,1,1,1,1,1,1,1,1,1,1,1,1,1,1,1,1,1,1,1,1,1,1,1,1,1,1,1,1,1,1,1,1,1,1,1,1,1,1,1,1,1,1,1,1,1,1,1,1,1,1,1,1,1,1,1,1,1,1,1,1,1,1,1,1,1,1,1,1,1,1,1,1,1,1,1,1,1,1,1,1,1,1,1,1,1,1,1,1,1,1,1,1,1,1,1,1,1,1,1,1,1,1,1,1,1,1,1,1,1,1,1,1,1,1,1,1,1,1,1,1,1,1,1,1,1,1,1,1,1,1,1,1,1,1,1,1,1,1,1,1,1,1,1,1,1,1,1,1,1,1,1,1,1,1,1,1,1,1,1,1,1,1,1,1,1,1,1,1,1,1,1,1,1,1,1,1,1,1,1,1,1,1,1,1,1,1,1,1,1,1,1,1,1,1,1,1,1,1,1,1,1,1,1,1,1,1,1,1,1,1,1,1,1,1,1,1,1,1,1,1,1,1,1,1,1,1,1,1,1,1,1,1,1,1,1,1,1,1,1,1,1,1,1
3,4,5,2,1,1,4,4,5,3,3,4,4,5,3,4,5,3,4,5,3,4,5,2,2,2,2,2,0,0,2,2,2,1,4,4,4,5,1,4,4,4,5,1,4,4,4,5,1,4,4,4,5,1,4,4,4,5,3,3,3,0,0,0,0,0,3,3,3,1,4,4,5,3,4,5,3,4,4,5,3,4,4,5,1,4,5,2,2,2,2,2,2,0,0,2,1,1,1,4,5,1,4,4,4,5,1,4,4,5,2,4,4,5,3,3,4,4,5,0,0,0,0,3,3,3,3,3,1,1,1,1,8,8,8,8,8,8,8,8,3,3,3,3,3,1,1,1,1,1,2,0,4,4,5,0,4,4,5,2,4,4,4,5,2,4,4,5,2,4,4,5,3,3,3,3,1,1,3,3,3,4,4,4,5,2,0,4,4,4,5,2,0,4,4,5,2,0,4,4,5,0,4,4,5,1,1,1,1,3,3,1,4,4,4,5,3,0,0,0,0,4,4,4,5,3,0,0,0,2,0,0,0,2,2,0,0,2,2,1,2,2,1,2,1,1,1,1,8,8,8,8,8,8,8,8,3,1,3,0,3,3,3,2,2,0,2,2,0,0,3,1,3,2,0,0,0,0,0,0,0,0,0,0,0,0,0,0,0,0,0,0,0,0,0,0,0,0,0,0,0,0,0,0,0,0,0,0,0,0,0,0,0,0,0,0,0,0,0,0,0,0,0,0,0,0,0,0,0,0,0,0,0,0,0,0,0,0,0,0,0,0,0,0,0,0,0,0,0,0,0,0,0,0,0,0,0,0,0,0,0,0,0,0,0,0,0,0,0,0,0,0,0,0,0,0,0,0,0,0,0,0,0,0,0,0,0,0,0,0,0,0,0,0,0,0,0,0,0,0,0,0,0,0,0,0,0,0,0,0,0,0,0,0,0,0,0,0,0,0,0,0,0,0,0,0,0,0,0,0,0,0,0,0,0,0,0,0,0,0,0,0,0,0,0,0,0,0,0,0,0,0,0,0,0,0,0,0,0,0,0,0,0,0,0,0,0,0,0,0,0,0,0,0,0,0,0,0,0,0,0,0,0,0,0,0,0,0,0,0,0,0,0,0,0,0,0,0,0,0,0,0,0,0,0,0,0,0,0,0,0,0,0,0,0,0,0,0,0,0,0,0,0,0,0,0,0,0,0,0,0,0,0,0,0,0,0,0,0,0,0,0,0,0,0,0,0,0,0,0,0,0,0,0,0,0,0,0,0,0,0,0,0,0,0,0,0,0,0,0,0,0,0,0,0,0,0,0,0,0,0,0,0,0,0,0,0,0,0,0,0,0,0,0,0,0,0,0,0,0,0,0,0,0,0,0,0,0,0,0,0,0,0,0,0,0,0,0,0,0,0,0,0,0,0,0,0,0,0,0,0,0,0,0,0,0,0,0,0,0,0,0,0,0,0,0,0,0,0,0,0,0,0,0,0,0,0,0,0,0,0,0,0,0,0,0,0,0,0,0,0,0,0,0,0,0,0,0,0,0,0,0,0,0,0,0,0,0,0,0,0,0,0,0,0,0,0,0,0,0,0,0,0,0,0,0,0,0,0,0,0,0,0,0,0,0,0,0,0,0,0,0,0,0,0,0,0,0,0,0,0,0,0,0,0,0,0,0,0,0,0,0,0,0,0,0,0,0,0,0,0,0,0,0,0,0,0,0,0,0,0,0,0,0,0,0,0,0,0,0,0,0,0,0,0,0,0,0,0,0,0,0,0,0,0,0,0,0,0,0,0,0,0,0,0,0,0,0,0,0,0,0,0,0,0,0,0,0,0,0,0,0,0,0,0,0,0,0,0,0,0,0,0,0,0,0,0,0,0,0,0,0,0,0,0,0,0,0,0,0,0,0,0,0,0,0,0,0,0,0,0,0,0,0,0,0,0,0,0,0,0,0,0,0,0,0,0,0,0,0,0,0,0,0,0,0,0,0,0,0,0,0,0,0,0,0,0,0,0,0,0,0,0,0,0,0,0,0,0,0,0,0,0,0,0,0,0,0,0,0,0,0,0,0,0,0,0,0,0,0,0,0,0,0,0,0,0,0,0,0,0,0,0,0,0,0,0,0,0,0,0,0,0,0,0,0,0,0,0,0,0,0,0,0,0,0,0,0,0,0,0,0,0,0,0,0,0,0,0,0,0,0,0,0,0,0,0,0,0,0,0,0,0,0,0,0,0,0,0,0,0,0,0,0,0,0,0,0,0,0
"""

You are playing: CompetitiveStrategy
You won this match
Your game win count:       30
Opponent game win count:    0
Put the 4 lines between the """ characters in a file to watch a replay
You are the red player in the closest scoring round replay from this match:
"""
20
1649909855134
0,4,4,4,5,3,3,4,4,4,5,1,4,4,4,5,1,1,4,4,4,5,3,4,4,4,5,0,0,2,2,2,1,3,4,4,4,5,1,1,3,4,4,5,1,2,4,4,5,2,4,4,5,0,4,4,5,0,0,0,1,1,2,4,4,5,2,4,5,1,4,5,1,4,5,3,4,5,0,0,0,0,3,1,2,2,2,4,5,2,4,5,1,4,5,2,4,5,0,4,5,0,3,3,3,3,3,0,0,0,2,2,4,4,4,5,2,4,5,1,4,4,5,1,2,4,4,5,2,4,4,4,5,1,3,3,3,3,3,2,2,2,2,2,4,4,5,0,0,1,1,1,1,1,1,1,8,8,8,8,8,8,8,8,8,3,3,3,4,4,4,5,3,4,5,1,4,5,1,4,4,5,0,0,0,0,0,0,0,0,0,0,0,0,0,0,0,0,0,0,0,0,0,0,0,0,0,0,0,0,0,0,0,0,0,0,0,0,0,0,0,0,0,0,0,0,0,0,0,0,0,0,0,0,0,0,0,0,0,0,0,0,0,0,0,0,0,0,0,0,0,0,0,0,0,0,0,0,0,0,0,0,0,0,0,0,0,0,0,0,0,0,0,0,0,0,0,0,0,0,0,0,0,0,0,0,0,0,0,0,0,0,0,0,0,0,0,0,0,0,0,0,0,0,0,0,0,0,0,0,0,0,0,0,0,0,0,0,0,0,0,0,0,0,0,0,0,0,0,0,0,0,0,0,0,0,0,0,0,0,0,0,0,0,0,0,0,0,0,0,0,0,0,0,0,0,0,0,0,0,0,0,0,0,0,0,0,0,0,0,0,0,0,0,0,0,0,0,0,0,0,0,0,0,0,0,0,0,0,0,0,0,0,0,0,0,0,0,0,0,0,0,0,0,0,0,0,0,0,0,0,0,0,0,0,0,0,0,0,0,0,0,0,0,0,0,0,0,0,0,0,0,0,0,0,0,0,0,0,0,0,0,0,0,0,0,0,0,0,0,0,0,0,0,0,0,0,0,0,0,0,0,0,0,0,0,0,0,0,0,0,0,0,0,0,0,0,0,0,0,0,0,0,0,0,0,0,0,0,0,0,0,0,0,0,0,0,0,0,0,0,0,0,0,0,0,0,0,0,0,0,0,0,0,0,0,0,0,0,0,0,0,0,0,0,0,0,0,0,0,0,0,0,0,0,0,0,0,0,0,0,0,0,0,0,0,0,0,0,0,0,0,0,0,0,0,0,0,0,0,0,0,0,0,0,0,0,0,0,0,0,0,0,0,0,0,0,0,0,0,0,0,0,0,0,0,0,0,0,0,0,0,0,0,0,0,0,0,0,0,0,0,0,0,0,0,0,0,0,0,0,0,0,0,0,0,0,0,0,0,0,0,0,0,0,0,0,0,0,0,0,0,0,0,0,0,0,0,0,0,0,0,0,0,0,0,0,0,0,0,0,0,0,0,0,0,0,0,0,0,0,0,0,0,0,0,0,0,0,0,0,0,0,0,0,0,0,0,0,0,0,0,0,0,0,0,0,0,0,0,0,0,0,0,0,0,0,0,0,0,0,0,0,0,0,0,0,0,0,0,0,0,0,0,0,0,0,0,0,0,0,0,0,0,0,0,0,0,0,0,0,0,0,0,0,0,0,0,0,0,0,0,0,0,0,0,0,0,0,0,0,0,0,0,0,0,0,0,0,0,0,0,0,0,0,0,0,0,0,0,0,0,0,0,0,0,0,0,0,0,0,0,0,0,0,0,0,0,0,0,0,0,0,0,0,0,0,0,0,0,0,0,0,0,0,0,0,0,0,0,0,0,0,0,0,0,0,0,0,0,0,0,0,0,0,0,0,0,0,0,0,0,0,0,0,0,0,0,0,0,0,0,0,0,0,0,0,0,0,0,0,0,0,0,0,0,0,0,0,0,0,0,0,0,0,0,0,0,0,0,0,0,0,0,0,0,0,0,0,0,0,0,0,0,0,0,0,0,0,0,0,0,0,0,0,0,0,0,0,0,0,0,0,0,0,0,0,0,0,0,0,0,0,0,0,0,0,0,0,0,0,0,0,0,0,0,0,0,0,0,0,0,0,0,0,0,0,0,0,0,0,0,0,0,0,0,0,0,0,0,0,0,0,0,0,0,0,0,0,0,0,0,0,0,0,0,0,0,0,0,0,0,0,0,0,0,0,0,0,0,0,0,0,0,0,0,0,0,0,0,0,0,0,0,0,0,0,0,0,0
1,4,5,1,0,4,4,4,5,3,1,0,1,3,0,0,1,4,4,4,4,5,1,5,3,1,2,4,4,5,0,4,4,5,3,1,0,0,3,3,1,3,1,3,1,0,1,0,0,4,4,4,4,4,4,5,0,0,2,2,2,2,2,2,2,1,3,1,5,2,3,0,1,1,3,1,4,5,3,1,0,3,0,1,0,4,4,5,2,4,4,5,0,2,3,3,2,3,2,3,2,4,4,5,0,0,1,1,1,1,1,3,3,8,8,8,8,8,8,8,8,8,3,3,1,0,0,0,4,4,5,1,1,2,3,1,0,4,4,5,1,1,1,1,1,3,3,3,2,0,2,0,4,4,5,2,1,0,5,2,1,0,3,3,2,0,4,4,5,1,0,0,3,4,4,5,3,3,3,1,1,1,1,1,1,1,1,1,1,1,1,1,1,1,1,1,1,1,1,1,1,1,1,1,1,1,1,1,1,1,1,1,1,1,1,1,1,1,1,1,1,1,1,1,1,1,1,1,1,1,1,1,1,1,1,1,1,1,1,1,1,1,1,1,1,1,1,1,1,1,1,1,1,1,1,1,1,1,1,1,1,1,1,1,1,1,1,1,1,1,1,1,1,1,1,1,1,1,1,1,1,1,1,1,1,1,1,1,1,1,1,1,1,1,1,1,1,1,1,1,1,1,1,1,1,1,1,1,1,1,1,1,1,1,1,1,1,1,1,1,1,1,1,1,1,1,1,1,1,1,1,1,1,1,1,1,1,1,1,1,1,1,1,1,1,1,1,1,1,1,1,1,1,1,1,1,1,1,1,1,1,1,1,1,1,1,1,1,1,1,1,1,1,1,1,1,1,1,1,1,1,1,1,1,1,1,1,1,1,1,1,1,1,1,1,1,1,1,1,1,1,1,1,1,1,1,1,1,1,1,1,1,1,1,1,1,1,1,1,1,1,1,1,1,1,1,1,1,1,1,1,1,1,1,1,1,1,1,1,1,1,1,1,1,1,1,1,1,1,1,1,1,1,1,1,1,1,1,1,1,1,1,1,1,1,1,1,1,1,1,1,1,1,1,1,1,1,1,1,1,1,1,1,1,1,1,1,1,1,1,1,1,1,1,1,1,1,1,1,1,1,1,1,1,1,1,1,1,1,1,1,1,1,1,1,1,1,1,1,1,1,1,1,1,1,1,1,1,1,1,1,1,1,1,1,1,1,1,1,1,1,1,1,1,1,1,1,1,1,1,1,1,1,1,1,1,1,1,1,1,1,1,1,1,1,1,1,1,1,1,1,1,1,1,1,1,1,1,1,1,1,1,1,1,1,1,1,1,1,1,1,1,1,1,1,1,1,1,1,1,1,1,1,1,1,1,1,1,1,1,1,1,1,1,1,1,1,1,1,1,1,1,1,1,1,1,1,1,1,1,1,1,1,1,1,1,1,1,1,1,1,1,1,1,1,1,1,1,1,1,1,1,1,1,1,1,1,1,1,1,1,1,1,1,1,1,1,1,1,1,1,1,1,1,1,1,1,1,1,1,1,1,1,1,1,1,1,1,1,1,1,1,1,1,1,1,1,1,1,1,1,1,1,1,1,1,1,1,1,1,1,1,1,1,1,1,1,1,1,1,1,1,1,1,1,1,1,1,1,1,1,1,1,1,1,1,1,1,1,1,1,1,1,1,1,1,1,1,1,1,1,1,1,1,1,1,1,1,1,1,1,1,1,1,1,1,1,1,1,1,1,1,1,1,1,1,1,1,1,1,1,1,1,1,1,1,1,1,1,1,1,1,1,1,1,1,1,1,1,1,1,1,1,1,1,1,1,1,1,1,1,1,1,1,1,1,1,1,1,1,1,1,1,1,1,1,1,1,1,1,1,1,1,1,1,1,1,1,1,1,1,1,1,1,1,1,1,1,1,1,1,1,1,1,1,1,1,1,1,1,1,1,1,1,1,1,1,1,1,1,1,1,1,1,1,1,1,1,1,1,1,1,1,1,1,1,1,1,1,1,1,1,1,1,1,1,1,1,1,1,1,1,1,1,1,1,1,1,1,1,1,1,1,1,1,1,1,1,1,1,1,1,1,1,1,1,1,1,1,1,1,1,1,1,1,1,1,1,1,1,1,1,1,1,1,1,1,1,1,1,1,1,1,1,1,1,1,1,1,1,1,1,1,1,1,1,1,1,1,1,1,1,1,1,1,1,1,1,1,1,1,1,1,1,1,1,1,1,1,1,1,1,1,1,1,1,1,1,1,1
"""

You are playing: Matou Sakura
You lost this match
Your game win count:       13
Opponent game win count:   17
Put the 4 lines between the """ characters in a file to watch a replay
You are the blue player in the closest scoring round replay from this match:
"""
28
1649909874002
0,4,4,4,5,0,4,4,4,5,2,1,4,4,4,5,2,4,4,4,5,2,4,4,5,3,3,3,1,3,0,4,5,3,3,4,4,4,5,1,4,4,4,5,1,1,4,5,3,4,4,4,5,2,2,2,2,0,0,1,4,4,5,3,4,4,5,1,1,4,4,5,1,4,4,5,2,4,4,5,0,0,0,0,2,2,1,1,1,4,5,1,4,5,1,4,5,2,4,5,1,4,5,3,3,3,0,0,0,0,0,0,3,3,3,1,1,1,4,4,4,5,3,4,4,4,5,1,4,4,4,5,3,4,4,4,5,3,1,4,4,4,5,2,2,2,2,2,2,0,0,2,2,2,2,2,2,1,1,1,1,1,1,8,8,8,8,8,8,8,8,8,3,3,3,3,3,3,0,0,0,0,0,0,0,1,1,1,4,4,5,2,0,4,4,5,2,2,2,4,5,1,4,5,2,4,5,3,3,3,3,3,0,0,0,2,2,2,2,4,4,5,1,4,4,5,2,1,4,5,2,4,5,1,4,5,3,3,3,3,3,3,0,0,0,2,2,2,2,2,4,4,5,2,1,4,5,2,4,5,1,4,5,1,4,5,3,3,3,3,3,3,3,0,0,0,2,2,2,2,2,2,1,1,1,1,1,1,1,1,1,1,1,8,8,8,8,8,8,8,8,8,3,3,3,3,3,3,3,3,3,3,3,3,3,3,3,3,3,3,3,3,3,3,3,3,3,3,3,3,3,3,3,3,3,3,3,3,3,3,3,3,3,3,3,3,3,3,3,3,3,3,3,3,3,3,3,3,3,3,3,3,3,3,3,3,3,3,3,3,3,3,3,3,3,3,3,3,3,3,3,3,3,3,3,3,3,3,3,3,3,3,3,3,3,3,3,3,3,3,3,3,3,3,3,3,3,3,3,3,3,3,3,3,3,3,3,3,3,3,3,3,3,3,3,3,3,3,3,3,3,3,3,3,3,3,3,3,3,3,3,3,3,3,3,3,3,3,3,3,3,3,3,3,3,3,3,3,3,3,3,3,3,3,3,3,3,3,3,3,3,3,3,3,3,3,3,3,3,3,3,3,3,3,3,3,3,3,3,3,3,3,3,3,3,3,3,3,3,3,3,3,3,3,3,3,3,3,3,3,3,3,3,3,3,3,3,3,3,3,3,3,3,3,3,3,3,3,3,3,3,3,3,3,3,3,3,3,3,3,3,3,3,3,3,3,3,3,3,3,3,3,3,3,3,3,3,3,3,3,3,3,3,3,3,3,3,3,3,3,3,3,3,3,3,3,3,3,3,3,3,3,3,3,3,3,3,3,3,3,3,3,3,3,3,3,3,3,3,3,3,3,3,3,3,3,3,3,3,3,3,3,3,3,3,3,3,3,3,3,3,3,3,3,3,3,3,3,3,3,3,3,3,3,3,3,3,3,3,3,3,3,3,3,3,3,3,3,3,3,3,3,3,3,3,3,3,3,3,3,3,3,3,3,3,3,3,3,3,3,3,3,3,3,3,3,3,3,3,3,3,3,3,3,3,3,3,3,3,3,3,3,3,3,3,3,3,3,3,3,3,3,3,3,3,3,3,3,3,3,3,3,3,3,3,3,3,3,3,3,3,3,3,3,3,3,3,3,3,3,3,3,3,3,3,3,3,3,3,3,3,3,3,3,3,3,3,3,3,3,3,3,3,3,3,3,3,3,3,3,3,3,3,3,3,3,3,3,3,3,3,3,3,3,3,3,3,3,3,3,3,3,3,3,3,3,3,3,3,3,3,3,3,3,3,3,3,3,3,3,3,3,3,3,3,3,3,3,3,3,3,3,3,3,3,3,3,3,3,3,3,3,3,3,3,3,3,3,3,3,3,3,3,3,3,3,3,3,3,3,3,3,3,3,3,3,3,3,3,3,3,3,3,3,3,3,3,3,3,3,3,3,3,3,3,3,3,3,3,3,3,3,3,3,3,3,3,3,3,3,3,3,3,3,3,3,3,3,3,3,3,3,3,3,3,3,3,3,3,3,3,3,3,3,3,3,3,3,3,3,3,3,3,3,3,3,3,3,3,3,3,3,3,3,3,3,3,3,3,3,3,3,3,3,3,3,3,3,3,3,3,3,3,3,3,3,3,3,3,3,3,3,3,3,3,3,3,3,3,3,3,3,3,3,3,3,3,3,3,3,3,3,3,3,3,3,3,3,3,3,3,3,3,3,3,3,3,3,3,3,3,3,3,3,3,3,3,3,3,3
1,3,4,4,5,3,3,3,4,5,0,4,4,5,2,4,4,5,0,4,4,5,1,2,2,2,2,2,4,5,0,0,4,4,4,5,0,3,4,4,4,5,3,3,4,4,4,5,3,3,4,5,1,1,1,2,2,2,0,3,3,4,4,5,0,3,3,4,4,5,0,3,3,3,4,4,5,0,3,4,4,4,5,3,3,4,4,4,5,1,1,1,1,2,2,2,2,2,2,2,2,2,2,1,1,1,4,4,4,5,1,4,4,5,3,4,5,3,4,4,4,5,3,4,4,4,5,0,0,0,0,2,1,1,1,1,1,1,1,3,3,3,3,3,8,8,8,8,8,8,8,8,8,1,1,1,1,1,1,1,3,3,3,3,3,3,3,3,4,4,4,5,0,2,4,4,5,1,2,4,4,5,1,4,4,5,1,4,5,1,2,4,4,4,5,0,0,4,4,5,0,3,3,2,2,4,4,4,5,0,4,4,4,5,0,4,4,5,3,4,4,4,5,0,4,4,5,1,1,1,3,1,3,3,3,4,4,4,5,1,2,4,4,4,5,2,2,2,2,2,2,4,4,5,0,0,4,4,5,0,0,4,5,1,1,3,3,3,3,0,0,0,2,2,4,5,2,4,5,1,4,4,5,0,0,4,5,0,4,5,1,1,1,0,0,0,0,0,2,2,2,2,2,2,2,2,2,2,2,2,2,2,2,2,2,2,2,2,2,2,2,2,2,2,2,2,2,2,2,2,2,2,2,2,2,2,2,2,2,2,2,2,2,2,2,2,2,2,2,2,2,2,2,2,2,2,2,2,2,2,2,2,2,2,2,2,2,2,2,2,2,2,2,2,2,2,2,2,2,2,2,2,2,2,2,2,2,2,2,2,2,2,2,2,2,2,2,2,2,2,2,2,2,2,2,2,2,2,2,2,2,2,2,2,2,2,2,2,2,2,2,2,2,2,2,2,2,2,2,2,2,2,2,2,2,2,2,2,2,2,2,2,2,2,2,2,2,2,2,2,2,2,2,2,2,2,2,2,2,2,2,2,2,2,2,2,2,2,2,2,2,2,2,2,2,2,2,2,2,2,2,2,2,2,2,2,2,2,2,2,2,2,2,2,2,2,2,2,2,2,2,2,2,2,2,2,2,2,2,2,2,2,2,2,2,2,2,2,2,2,2,2,2,2,2,2,2,2,2,2,2,2,2,2,2,2,2,2,2,2,2,2,2,2,2,2,2,2,2,2,2,2,2,2,2,2,2,2,2,2,2,2,2,2,2,2,2,2,2,2,2,2,2,2,2,2,2,2,2,2,2,2,2,2,2,2,2,2,2,2,2,2,2,2,2,2,2,2,2,2,2,2,2,2,2,2,2,2,2,2,2,2,2,2,2,2,2,2,2,2,2,2,2,2,2,2,2,2,2,2,2,2,2,2,2,2,2,2,2,2,2,2,2,2,2,2,2,2,2,2,2,2,2,2,2,2,2,2,2,2,2,2,2,2,2,2,2,2,2,2,2,2,2,2,2,2,2,2,2,2,2,2,2,2,2,2,2,2,2,2,2,2,2,2,2,2,2,2,2,2,2,2,2,2,2,2,2,2,2,2,2,2,2,2,2,2,2,2,2,2,2,2,2,2,2,2,2,2,2,2,2,2,2,2,2,2,2,2,2,2,2,2,2,2,2,2,2,2,2,2,2,2,2,2,2,2,2,2,2,2,2,2,2,2,2,2,2,2,2,2,2,2,2,2,2,2,2,2,2,2,2,2,2,2,2,2,2,2,2,2,2,2,2,2,2,2,2,2,2,2,2,2,2,2,2,2,2,2,2,2,2,2,2,2,2,2,2,2,2,2,2,2,2,2,2,2,2,2,2,2,2,2,2,2,2,2,2,2,2,2,2,2,2,2,2,2,2,2,2,2,2,2,2,2,2,2,2,2,2,2,2,2,2,2,2,2,2,2,2,2,2,2,2,2,2,2,2,2,2,2,2,2,2,2,2,2,2,2,2,2,2,2,2,2,2,2,2,2,2,2,2,2,2,2,2,2,2,2,2,2,2,2,2,2,2,2,2,2,2,2,2,2,2,2,2,2,2,2,2,2,2,2,2,2,2,2,2,2,2,2,2,2,2,2,2,2,2,2,2,2,2,2,2,2,2,2,2,2,2,2,2,2,2,2,2,2,2,2,2,2,2,2,2,2,2,2,2,2,2,2,2,2,2,2,2,2,2,2,2,2,2,2,2,2,2,2,2,2,2,2
"""

You are playing: Little Red
You lost this match
Your game win count:        7
Opponent game win count:   23
Put the 4 lines between the """ characters in a file to watch a replay
You are the red player in the closest scoring round replay from this match:
"""
24
1649909891234
1,1,4,4,5,3,4,4,5,3,3,4,4,4,5,1,4,4,5,1,4,4,4,5,0,0,0,0,2,2,2,0,0,4,4,5,0,4,4,4,5,1,2,4,4,4,5,0,2,4,4,4,5,2,2,2,4,4,4,5,1,1,1,3,3,3,3,3,3,3,3,3,3,3,3,3,3,3,3,3,3,3,3,3,3,3,3,3,3,3,3,3,3,3,3,3,3,3,3,3,3,3,3,3,3,3,3,3,3,3,3,3,3,3,3,3,3,3,3,3,3,3,3,3,3,3,3,3,3,3,3,3,3,3,3,3,3,3,3,3,3,3,3,3,3,3,3,3,3,3,3,3,3,3,3,3,3,3,3,3,3,3,3,3,3,3,3,3,3,3,3,3,3,3,3,3,3,3,3,3,3,3,3,3,3,3,3,3,3,3,3,3,3,3,3,3,3,3,3,3,3,3,3,3,3,3,3,3,3,3,3,3,3,3,3,3,3,3,3,3,3,3,3,3,3,3,3,3,3,3,3,3,3,3,3,3,3,3,3,3,3,3,3,3,3,3,3,3,3,3,3,3,3,3,3,3,3,3,3,3,3,3,3,3,3,3,3,3,3,3,3,3,3,3,3,3,3,3,3,3,3,3,3,3,3,3,3,3,3,3,3,3,3,3,3,3,3,3,3,3,3,3,3,3,3,3,3,3,3,3,3,3,3,3,3,3,3,3,3,3,3,3,3,3,3,3,3,3,3,3,3,3,3,3,3,3,3,3,3,3,3,3,3,3,3,3,3,3,3,3,3,3,3,3,3,3,3,3,3,3,3,3,3,3,3,3,3,3,3,3,3,3,3,3,3,3,3,3,3,3,3,3,3,3,3,3,3,3,3,3,3,3,3,3,3,3,3,3,3,3,3,3,3,3,3,3,3,3,3,3,3,3,3,3,3,3,3,3,3,3,3,3,3,3,3,3,3,3,3,3,3,3,3,3,3,3,3,3,3,3,3,3,3,3,3,3,3,3,3,3,3,3,3,3,3,3,3,3,3,3,3,3,3,3,3,3,3,3,3,3,3,3,3,3,3,3,3,3,3,3,3,3,3,3,3,3,3,3,3,3,3,3,3,3,3,3,3,3,3,3,3,3,3,3,3,3,3,3,3,3,3,3,3,3,3,3,3,3,3,3,3,3,3,3,3,3,3,3,3,3,3,3,3,3,3,3,3,3,3,3,3,3,3,3,3,3,3,3,3,3,3,3,3,3,3,3,3,3,3,3,3,3,3,3,3,3,3,3,3,3,3,3,3,3,3,3,3,3,3,3,3,3,3,3,3,3,3,3,3,3,3,3,3,3,3,3,3,3,3,3,3,3,3,3,3,3,3,3,3,3,3,3,3,3,3,3,3,3,3,3,3,3,3,3,3,3,3,3,3,3,3,3,3,3,3,3,3,3,3,3,3,3,3,3,3,3,3,3,3,3,3,3,3,3,3,3,3,3,3,3,3,3,3,3,3,3,3,3,3,3,3,3,3,3,3,3,3,3,3,3,3,3,3,3,3,3,3,3,3,3,3,3,3,3,3,3,3,3,3,3,3,3,3,3,3,3,3,3,3,3,3,3,3,3,3,3,3,3,3,3,3,3,3,3,3,3,3,3,3,3,3,3,3,3,3,3,3,3,3,3,3,3,3,3,3,3,3,3,3,3,3,3,3,3,3,3,3,3,3,3,3,3,3,3,3,3,3,3,3,3,3,3,3,3,3,3,3,3,3,3,3,3,3,3,3,3,3,3,3,3,3,3,3,3,3,3,3,3,3,3,3,3,3,3,3,3,3,3,3,3,3,3,3,3,3,3,3,3,3,3,3,3,3,3,3,3,3,3,3,3,3,3,3,3,3,3,3,3,3,3,3,3,3,3,3,3,3,3,3,3,3,3,3,3,3,3,3,3,3,3,3,3,3,3,3,3,3,3,3,3,3,3,3,3,3,3,3,3,3,3,3,3,3,3,3,3,3,3,3,3,3,3,3,3,3,3,3,3,3,3,3,3,3,3,3,3,3,3,3,3,3,3,3,3,3,3,3,3,3,3,3,3,3,3,3,3,3,3,3,3,3,3,3,3,3,3,3,3,3,3,3,3,3,3,3,3,3,3,3,3,3,3,3,3,3,3,3,3,3,3,3,3,3,3,3,3,3,3,3,3,3,3,3,3,3,3,3,3,3,3,3,3,3,3,3,3,3,3,3,3,3,3,3,3,3,3,3,3,3,3
2,2,4,4,4,5,2,0,4,4,4,5,1,1,1,4,4,4,5,1,1,1,4,4,4,5,2,4,4,4,5,3,3,3,3,0,0,0,0,0,2,4,4,5,3,3,3,3,3,1,4,5,3,4,5,3,4,5,3,4,5,3,0,4,4,5,2,2,2,2,2,2,2,2,2,2,2,2,2,2,2,2,2,2,2,2,2,2,2,2,2,2,2,2,2,2,2,2,2,2,2,2,2,2,2,2,2,2,2,2,2,2,2,2,2,2,2,2,2,2,2,2,2,2,2,2,2,2,2,2,2,2,2,2,2,2,2,2,2,2,2,2,2,2,2,2,2,2,2,2,2,2,2,2,2,2,2,2,2,2,2,2,2,2,2,2,2,2,2,2,2,2,2,2,2,2,2,2,2,2,2,2,2,2,2,2,2,2,2,2,2,2,2,2,2,2,2,2,2,2,2,2,2,2,2,2,2,2,2,2,2,2,2,2,2,2,2,2,2,2,2,2,2,2,2,2,2,2,2,2,2,2,2,2,2,2,2,2,2,2,2,2,2,2,2,2,2,2,2,2,2,2,2,2,2,2,2,2,2,2,2,2,2,2,2,2,2,2,2,2,2,2,2,2,2,2,2,2,2,2,2,2,2,2,2,2,2,2,2,2,2,2,2,2,2,2,2,2,2,2,2,2,2,2,2,2,2,2,2,2,2,2,2,2,2,2,2,2,2,2,2,2,2,2,2,2,2,2,2,2,2,2,2,2,2,2,2,2,2,2,2,2,2,2,2,2,2,2,2,2,2,2,2,2,2,2,2,2,2,2,2,2,2,2,2,2,2,2,2,2,2,2,2,2,2,2,2,2,2,2,2,2,2,2,2,2,2,2,2,2,2,2,2,2,2,2,2,2,2,2,2,2,2,2,2,2,2,2,2,2,2,2,2,2,2,2,2,2,2,2,2,2,2,2,2,2,2,2,2,2,2,2,2,2,2,2,2,2,2,2,2,2,2,2,2,2,2,2,2,2,2,2,2,2,2,2,2,2,2,2,2,2,2,2,2,2,2,2,2,2,2,2,2,2,2,2,2,2,2,2,2,2,2,2,2,2,2,2,2,2,2,2,2,2,2,2,2,2,2,2,2,2,2,2,2,2,2,2,2,2,2,2,2,2,2,2,2,2,2,2,2,2,2,2,2,2,2,2,2,2,2,2,2,2,2,2,2,2,2,2,2,2,2,2,2,2,2,2,2,2,2,2,2,2,2,2,2,2,2,2,2,2,2,2,2,2,2,2,2,2,2,2,2,2,2,2,2,2,2,2,2,2,2,2,2,2,2,2,2,2,2,2,2,2,2,2,2,2,2,2,2,2,2,2,2,2,2,2,2,2,2,2,2,2,2,2,2,2,2,2,2,2,2,2,2,2,2,2,2,2,2,2,2,2,2,2,2,2,2,2,2,2,2,2,2,2,2,2,2,2,2,2,2,2,2,2,2,2,2,2,2,2,2,2,2,2,2,2,2,2,2,2,2,2,2,2,2,2,2,2,2,2,2,2,2,2,2,2,2,2,2,2,2,2,2,2,2,2,2,2,2,2,2,2,2,2,2,2,2,2,2,2,2,2,2,2,2,2,2,2,2,2,2,2,2,2,2,2,2,2,2,2,2,2,2,2,2,2,2,2,2,2,2,2,2,2,2,2,2,2,2,2,2,2,2,2,2,2,2,2,2,2,2,2,2,2,2,2,2,2,2,2,2,2,2,2,2,2,2,2,2,2,2,2,2,2,2,2,2,2,2,2,2,2,2,2,2,2,2,2,2,2,2,2,2,2,2,2,2,2,2,2,2,2,2,2,2,2,2,2,2,2,2,2,2,2,2,2,2,2,2,2,2,2,2,2,2,2,2,2,2,2,2,2,2,2,2,2,2,2,2,2,2,2,2,2,2,2,2,2,2,2,2,2,2,2,2,2,2,2,2,2,2,2,2,2,2,2,2,2,2,2,2,2,2,2,2,2,2,2,2,2,2,2,2,2,2,2,2,2,2,2,2,2,2,2,2,2,2,2,2,2,2,2,2,2,2,2,2,2,2,2,2,2,2,2,2,2,2,2,2,2,2,2,2,2,2,2,2,2,2,2,2,2,2,2,2,2,2,2,2,2,2,2,2,2,2,2,2,2,2,2,2,2,2,2,2,2,2,2,2,2,2,2,2,2,2,2,2,2,2,2,2,2,2,2,2,2,2,2,2,2,2,2,2,2,2,2,2,2
"""

You are playing: PICK-UP ARTIST
You won this match
Your game win count:       23
Opponent game win count:    7
Put the 4 lines between the """ characters in a file to watch a replay
You are the red player in the closest scoring round replay from this match:
"""
20
1649909908705
3,4,4,4,5,0,4,4,4,5,1,1,1,4,4,5,3,4,4,4,5,1,1,4,4,4,5,0,0,0,0,2,2,2,4,4,5,1,4,4,5,2,4,4,5,1,4,5,1,4,5,0,0,0,3,3,2,2,4,4,5,1,2,4,5,1,4,5,2,4,5,1,4,5,0,0,0,3,3,3,3,1,1,1,4,4,5,2,4,4,5,1,1,4,5,1,4,4,4,5,1,4,4,5,0,0,0,0,0,0,0,3,2,2,2,2,2,4,4,5,1,1,1,0,4,4,5,0,3,4,4,5,0,4,4,5,0,4,4,4,5,1,1,1,1,3,3,3,1,1,1,1,1,2,2,2,8,8,8,8,8,8,8,8,8,0,0,0,0,0,3,3,3,3,1,1,1,1,2,2,4,5,1,4,5,1,4,5,1,4,4,4,5,1,4,5,0,0,0,0,0,0,0,0,3,3,1,1,1,1,2,2,2,4,4,4,5,1,4,5,1,1,1,2,4,5,2,4,5,1,4,5,1,2,2,2,2,2,0,4,4,5,2,4,4,5,0,4,4,5,3,3,4,4,5,3,4,4,5,1,1,2,2,1,3,3,4,4,5,1,1,4,4,4,5,0,2,4,4,4,5,2,2,0,0,0,0,0,0,0,3,3,3,3,3,3,8,8,8,8,8,8,8,8,8,0,0,0,0,0,0,0,0,0,0,0,0,0,0,0,0,0,0,0,0,0,0,0,0,0,0,0,0,0,0,0,0,0,0,0,0,0,0,0,0,0,0,0,0,0,0,0,0,0,0,0,0,0,0,0,0,0,0,0,0,0,0,0,0,0,0,0,0,0,0,0,0,0,0,0,0,0,0,0,0,0,0,0,0,0,0,0,0,0,0,0,0,0,0,0,0,0,0,0,0,0,0,0,0,0,0,0,0,0,0,0,0,0,0,0,0,0,0,0,0,0,0,0,0,0,0,0,0,0,0,0,0,0,0,0,0,0,0,0,0,0,0,0,0,0,0,0,0,0,0,0,0,0,0,0,0,0,0,0,0,0,0,0,0,0,0,0,0,0,0,0,0,0,0,0,0,0,0,0,0,0,0,0,0,0,0,0,0,0,0,0,0,0,0,0,0,0,0,0,0,0,0,0,0,0,0,0,0,0,0,0,0,0,0,0,0,0,0,0,0,0,0,0,0,0,0,0,0,0,0,0,0,0,0,0,0,0,0,0,0,0,0,0,0,0,0,0,0,0,0,0,0,0,0,0,0,0,0,0,0,0,0,0,0,0,0,0,0,0,0,0,0,0,0,0,0,0,0,0,0,0,0,0,0,0,0,0,0,0,0,0,0,0,0,0,0,0,0,0,0,0,0,0,0,0,0,0,0,0,0,0,0,0,0,0,0,0,0,0,0,0,0,0,0,0,0,0,0,0,0,0,0,0,0,0,0,0,0,0,0,0,0,0,0,0,0,0,0,0,0,0,0,0,0,0,0,0,0,0,0,0,0,0,0,0,0,0,0,0,0,0,0,0,0,0,0,0,0,0,0,0,0,0,0,0,0,0,0,0,0,0,0,0,0,0,0,0,0,0,0,0,0,0,0,0,0,0,0,0,0,0,0,0,0,0,0,0,0,0,0,0,0,0,0,0,0,0,0,0,0,0,0,0,0,0,0,0,0,0,0,0,0,0,0,0,0,0,0,0,0,0,0,0,0,0,0,0,0,0,0,0,0,0,0,0,0,0,0,0,0,0,0,0,0,0,0,0,0,0,0,0,0,0,0,0,0,0,0,0,0,0,0,0,0,0,0,0,0,0,0,0,0,0,0,0,0,0,0,0,0,0,0,0,0,0,0,0,0,0,0,0,0,0,0,0,0,0,0,0,0,0,0,0,0,0,0,0,0,0,0,0,0,0,0,0,0,0,0,0,0,0,0,0,0,0,0,0,0,0,0,0,0,0,0,0,0,0,0,0,0,0,0,0,0,0,0,0,0,0,0,0,0,0,0,0,0,0,0,0,0,0,0,0,0,0,0,0,0,0,0,0,0,0,0,0,0,0,0,0,0,0,0,0,0,0,0,0,0,0,0,0,0,0,0,0,0,0,0,0,0,0,0,0,0,0,0,0,0,0,0,0,0,0,0,0,0,0,0,0,0,0,0,0,0,0,0,0,0,0,0,0,0,0,0,0,0,0,0,0,0,0,0,0,0,0,0,0,0,0,0,0,0,0,0,0,0,0,0,0,0,0,0,0,0,0
2,2,4,4,4,5,3,3,8,2,0,0,4,5,3,4,4,4,5,3,4,4,4,5,3,4,4,5,3,3,3,4,4,5,2,2,2,2,2,1,1,8,0,4,4,4,5,3,1,1,4,4,4,5,3,4,4,5,1,4,5,1,4,4,5,2,2,0,0,0,8,2,2,2,1,4,4,4,5,1,4,4,4,5,3,3,4,4,5,3,3,4,4,5,1,4,4,5,2,0,0,0,8,3,3,3,3,4,4,5,1,4,5,1,4,5,3,4,5,0,4,4,4,5,2,2,2,2,2,0,8,1,1,1,1,1,4,4,5,3,4,5,3,4,5,1,4,5,1,4,5,2,2,0,0,0,3,3,3,3,3,1,8,8,8,8,8,8,8,8,8,8,3,3,3,3,3,1,1,1,1,1,8,2,2,4,4,5,2,4,4,5,0,4,5,0,4,5,0,4,5,3,3,3,1,1,1,8,1,4,4,4,5,2,2,2,1,4,4,5,2,2,0,4,4,5,2,1,4,4,5,2,1,4,4,4,5,3,3,3,3,3,3,3,0,0,0,8,2,2,2,2,2,2,2,0,4,4,5,0,4,5,3,4,5,0,4,5,2,4,5,3,3,3,3,3,3,3,1,1,1,8,2,2,2,2,2,2,0,0,0,0,0,0,0,3,1,1,1,1,1,1,1,1,1,1,1,1,1,1,1,1,1,1,1,1,1,1,1,1,1,1,1,1,1,1,1,1,1,1,1,1,1,1,1,1,1,1,1,1,1,1,1,1,1,1,1,1,1,1,1,1,1,1,1,1,1,1,1,1,1,1,1,1,1,1,1,1,1,1,1,1,1,1,1,1,1,1,1,1,1,1,1,1,1,1,1,1,1,1,1,1,1,1,1,1,1,1,1,1,1,1,1,1,1,1,1,1,1,1,1,1,1,1,1,1,1,1,1,1,1,1,1,1,1,1,1,1,1,1,1,1,1,1,1,1,1,1,1,1,1,1,1,1,1,1,1,1,1,1,1,1,1,1,1,1,1,1,1,1,1,1,1,1,1,1,1,1,1,1,1,1,1,1,1,1,1,1,1,1,1,1,1,1,1,1,1,1,1,1,1,1,1,1,1,1,1,1,1,1,1,1,1,1,1,1,1,1,1,1,1,1,1,1,1,1,1,1,1,1,1,1,1,1,1,1,1,1,1,1,1,1,1,1,1,1,1,1,1,1,1,1,1,1,1,1,1,1,1,1,1,1,1,1,1,1,1,1,1,1,1,1,1,1,1,1,1,1,1,1,1,1,1,1,1,1,1,1,1,1,1,1,1,1,1,1,1,1,1,1,1,1,1,1,1,1,1,1,1,1,1,1,1,1,1,1,1,1,1,1,1,1,1,1,1,1,1,1,1,1,1,1,1,1,1,1,1,1,1,1,1,1,1,1,1,1,1,1,1,1,1,1,1,1,1,1,1,1,1,1,1,1,1,1,1,1,1,1,1,1,1,1,1,1,1,1,1,1,1,1,1,1,1,1,1,1,1,1,1,1,1,1,1,1,1,1,1,1,1,1,1,1,1,1,1,1,1,1,1,1,1,1,1,1,1,1,1,1,1,1,1,1,1,1,1,1,1,1,1,1,1,1,1,1,1,1,1,1,1,1,1,1,1,1,1,1,1,1,1,1,1,1,1,1,1,1,1,1,1,1,1,1,1,1,1,1,1,1,1,1,1,1,1,1,1,1,1,1,1,1,1,1,1,1,1,1,1,1,1,1,1,1,1,1,1,1,1,1,1,1,1,1,1,1,1,1,1,1,1,1,1,1,1,1,1,1,1,1,1,1,1,1,1,1,1,1,1,1,1,1,1,1,1,1,1,1,1,1,1,1,1,1,1,1,1,1,1,1,1,1,1,1,1,1,1,1,1,1,1,1,1,1,1,1,1,1,1,1,1,1,1,1,1,1,1,1,1,1,1,1,1,1,1,1,1,1,1,1,1,1,1,1,1,1,1,1,1,1,1,1,1,1,1,1,1,1,1,1,1,1,1,1,1,1,1,1,1,1,1,1,1,1,1,1,1,1,1,1,1,1,1,1,1,1,1,1,1,1,1,1,1,1,1,1,1,1,1,1,1,1,1,1,1,1,1,1,1,1,1,1,1,1,1,1,1,1,1,1,1,1,1,1,1,1,1,1,1,1,1,1,1,1,1,1,1,1,1,1,1,1,1,1,1,1,1,1,1,1,1,1,1,1,1,1,1,1,1,1,1,1
"""

You are playing: JoJoBizarreStrategy
You lost this match
Your game win count:        9
Opponent game win count:   21
Put the 4 lines between the """ characters in a file to watch a replay
You are the red player in the closest scoring round replay from this match:
"""
24
1649909930782
2,4,5,1,2,4,5,1,1,4,5,3,4,4,4,5,0,3,4,4,5,0,0,3,3,4,4,4,5,1,4,4,4,5,0,0,2,4,4,4,5,0,0,2,4,4,5,0,2,4,4,4,5,1,1,1,1,3,1,1,2,2,2,4,5,1,4,5,1,4,5,1,4,5,1,4,5,0,0,0,0,0,0,3,3,3,0,0,2,2,2,4,4,5,0,4,4,4,5,0,4,4,4,5,2,4,4,4,5,1,2,2,4,4,5,1,1,1,3,3,3,3,3,3,1,2,2,2,2,4,5,1,4,5,1,4,5,0,2,4,5,0,1,1,1,1,1,8,8,8,8,8,8,8,8,8,3,3,3,4,5,0,0,0,0,0,0,3,3,2,2,2,2,2,4,4,5,1,4,5,2,4,5,1,4,5,1,4,5,0,0,0,3,3,3,3,3,3,1,1,1,1,1,3,4,4,5,1,4,4,5,1,4,4,5,3,4,4,5,3,3,4,4,4,5,0,0,0,0,0,0,0,2,2,2,2,1,1,1,1,1,2,4,5,1,1,4,5,1,4,4,5,3,4,4,5,2,2,4,5,0,0,0,0,0,0,0,0,1,1,1,1,1,1,2,2,2,8,8,8,8,8,8,8,8,8,0,0,0,0,0,0,3,3,3,3,3,1,1,1,1,1,3,3,3,3,4,4,4,5,3,4,4,5,1,2,4,4,4,5,2,4,5,1,2,2,2,2,2,4,5,0,0,0,0,0,0,0,3,3,1,1,2,2,2,2,2,2,2,4,5,1,1,2,4,5,1,1,2,4,5,1,4,4,4,5,1,4,5,1,1,1,1,2,2,2,3,4,4,5,3,4,4,5,1,3,4,4,4,5,3,4,4,5,1,4,4,5,0,0,2,0,0,0,0,0,0,3,3,3,3,3,3,3,3,3,8,8,8,8,8,8,8,8,8,0,0,0,0,0,0,3,3,3,3,3,3
3,4,4,5,3,4,4,5,3,1,4,4,4,5,3,4,5,1,4,5,2,2,2,2,0,0,2,0,4,4,4,5,3,3,4,4,5,0,0,4,4,4,5,3,3,4,4,4,5,3,0,4,4,4,5,2,2,2,2,1,1,1,1,3,1,1,4,4,5,3,1,4,5,3,4,5,3,4,5,3,4,5,2,2,2,2,2,0,0,0,1,1,1,4,4,5,2,2,2,4,4,4,5,2,1,4,4,4,5,1,1,4,4,4,5,1,4,4,4,5,3,3,3,3,0,0,0,0,0,3,3,3,3,3,3,1,1,1,1,4,4,4,4,4,4,4,4,4,2,2,2,2,2,2,0,0,0,0,0,0,3,3,3,3,4,4,5,0,4,4,5,3,0,0,0,4,4,4,5,2,2,2,4,4,4,5,1,1,1,1,1,1,1,1,4,5,2,2,0,0,0,0,2,2,2,2,1,4,4,4,5,2,1,1,4,4,4,5,3,3,3,1,4,4,5,1,1,4,4,5,3,4,4,5,3,0,0,0,0,0,0,3,1,1,1,1,1,3,3,3,3,3,1,4,4,4,4,4,4,4,4,1,1,1,4,5,3,4,5,3,4,5,3,4,5,3,4,5,3,3,1,1,1,1,4,4,5,3,3,4,4,4,5,3,0,0,4,4,4,5,2,2,4,4,5,2,2,0,4,4,5,3,1,1,2,2,0,4,4,5,0,4,4,5,2,4,4,5,0,0,4,5,0,4,5,3,3,3,1,1,1,1,1,2,1,1,1,4,4,4,5,1,4,4,4,5,2,4,4,5,2,1,4,4,4,5,0,0,4,4,4,5,3,3,3,0,0,0,2,2,2,2,0,4,4,5,2,0,4,5,2,4,5,1,0,0,0,0,4,4,4,4,4,4,4,4,3,3,1,4,5,2,2,2,1,4,5,3,3,3,3,3,3,3,1,1,1,2,2,2,2,2,4,4,5,1,4
"""

You are playing: okplshelp
You won this match
Your game win count:       30
Opponent game win count:    0
Put the 4 lines between the """ characters in a file to watch a replay
You are the red player in the closest scoring round replay from this match:
"""
20
1649909939365
1,3,4,4,4,5,3,4,5,1,4,4,4,5,1,3,4,4,4,5,1,1,4,4,4,5,0,0,0,0,0,2,2,2,1,1,2,4,4,5,2,4,4,5,1,4,5,1,4,5,3,4,5,0,0,0,0,3,0,2,2,4,4,5,0,2,4,4,4,5,1,2,4,4,5,1,1,4,5,1,4,4,4,5,0,0,3,3,3,3,1,1,1,1,1,4,4,5,1,4,5,2,4,5,0,4,5,2,4,5,0,0,0,0,0,3,3,1,1,2,2,2,4,5,1,4,5,0,2,2,4,5,0,4,5,0,4,4,5,3,3,1,1,1,1,1,2,8,8,8,8,8,8,8,8,8,0,0,0,0,0,3,3,3,3,1,1,1,1,1,3,3,4,4,5,1,1,2,4,4,5,1,4,4,5,1,4,5,3,4,4,4,5,0,0,0,0,0,0,0,0,0,2,2,0,0,0,2,2,2,2,4,4,4,5,2,4,4,4,5,1,4,4,5,2,2,4,4,5,1,4,4,4,5,1,3,3,3,3,3,3,3,2,2,2,2,2,2,2,4,4,5,1,4,4,5,1,4,5,3,4,5,1,2,4,5,0,0,0,3,3,3,3,3,1,1,1,1,1,2,2,8,8,8,8,8,8,8,8,8,0,0,0,0,0,3,3,3,3,1,1,1,1,1,1,2,2,4,5,1,4,5,1,4,4,4,5,3,4,4,5,1,2,4,5,1,2,2,2,2,2,2,2,2
1,1,1,1,2,2,2,2,4,4,4,5,1,1,8,4,4,4,5,0,0,0,0,0,3,8,4,4,4,5,1,1,1,8,1,1,3,4,4,5,0,0,3,8,4,4,5,0,0,0,0,3,1,1,1,1,1,1,1,2,8,4,0,0,0,2,2,4,4,8,4,5,1,4,4,8,4,5,1,1,0,0,3,3,3,3,3,3,3,3,8,8,8,8,1,1,1,2,2,2,2,2,2,2,2,4,4,8,4,5,0,0,0,0,0,0,3,4,4,8,4,5,0,0,0,3,4,4,8,4,5,1,3,1,1,1,1,1,1,1,2,4,5,0,0,3,8,4,4,5,1,8,4,4,5,1,1,1,8,4,4,5,0,0,0,0,0,0,0,1,1,1,3,3,3,3,3,8,8,8,8,0,0,0,2,2,2,0,2,2,2,4,8,4,4,5,0,3,1,1,2,4,8,4,4,5,1,1,1,1,1,1,1,4,8,4,4,5,1,4,8,4,4,5,0,0,0,0,0,0,0,0,0,0,0,3,4,8,4,4,5,1,1,1,1,3,8,4,5,1,1,8,4,5,1,8,4,5,0,0,0,1,1,3,3,3,3,8,8,8,8,0,0,2,2,2,8,4,5,1,8,4,5,0,0,0,0,2,2,1,1,3,4,8,4,5,1,1,1,1,1,1,1,1,1,1,2,4,4,8,4,5,3,4,4,8,4,5,0,0,0,0,0,0,0,0,0,0,0,0,0,0,0,3
"""

You are playing: JWinStrategy
You lost this match
Your game win count:       12
Opponent game win count:   18
Put the 4 lines between the """ characters in a file to watch a replay
You are the red player in the closest scoring round replay from this match:
"""
28
1649909947059
3,4,5,1,3,4,4,5,1,3,4,4,4,5,1,4,4,4,5,1,3,4,4,4,5,0,0,0,0,2,2,2,2,0,4,4,4,5,0,0,4,4,4,5,1,2,4,4,4,5,1,1,4,4,5,1,1,4,4,5,0,0,3,1,1,4,4,5,1,1,4,5,1,4,4,5,1,4,4,5,3,4,4,4,5,0,0,0,0,0,0,2,3,3,3,3,4,4,4,5,1,1,1,1,3,3,4,5,1,1,4,4,4,5,2,2,4,4,4,5,1,1,4,4,4,5,0,0,0,0,0,0,1,1,1,1,1,2,2,2,2,2,2,2,2,2,2,8,8,8,8,8,8,8,8,8,0,0,0,0,0,0,0,3,3,3,3,3,3,1,1,1,2,4,4,5,1,1,4,5,1,1,4,5,2,4,4,4,5,1,4,5,0,0,0,0,0,0,0,0,3,3,1,2,2,2,4,4,5,1,4,4,5,1,4,5,1,4,5,1,4,5,0,0,0,0,0,3,3,3,0,0,0,0,2,4,4,4,5,1,2,2,2,2,4,4,4,5,1,4,4,5,0,0,0,4,4,4,5,2,4,4,5,1,1,1,1,1,3,3,1,1,1,1,1,1,1,2,2,8,8,8,8,8,8,8,8,8,0,0,0,0,0,0,0,3,3,3,3,3,3,1,2,2,2,2,4,5,1,4,5,1,1,4,5,0,2,4,5,1,2,4,5,0,0,0,0,3,3,3,3,3,3,1,1,1,1,1,3,3,3,4,4,5,1,1,2,4,4,5,2,4,4,4,5,1,4,4,5,1,4,4,5,0,0,0,0,0,0,0,0,0,2,1,1,1,1,1,1,2,2,4,5,2,4,5,1,4,5,1,4,5,1,4,5,0,0,0,0,1,1,2,2,2,8,8,8,8,8,8,8,8,8,0,0,0,0,0,0,0,3,3,3,3,3,3,1,2,2,2,2,2,2,2,4,5,1,1,4,5,1,2,4,5,1,1,1,1,1,1,1,4,5,3,4,5,1,1,1,2,2,2,2,2,2,2,3,3,4,5,3,4,4,5,3,4,4,4,5,0,4,4,5,3,4,4,4,5,1,2,2,2,2,2,1,3,4,4,5,3,4,4,5,3,4,4,5,0,0,4,4,5,0,3,4,5,1,1,2,2,2,0,0,0,0,0,0,0,3,3,3,3,3,3,3,8,8,8,8,8,8,8,8,8,0,0,0,0,0,0,0,0,0,0,0,0,0,0,0,0,0,0,0,0,0,0,0,0,0,0,0,0,0,0,0,0,0,0,0,0,0,0,0,0,0,0,0,0,0,0,0,0,0,0,0,0,0,0,0,0,0,0,0,0,0,0,0,0,0,0,0,0,0,0,0,0,0,0,0,0,0,0,0,0,0,0,0,0,0,0,0,0,0,0,0,0,0,0,0,0,0,0,0,0,0,0,0,0,0,0,0,0,0,0,0,0,0,0,0,0,0,0,0,0,0,0,0,0,0,0,0,0,0,0,0,0,0,0,0,0,0,0,0,0,0,0,0,0,0,0,0,0,0,0,0,0,0,0,0,0,0,0,0,0,0,0,0,0,0,0,0,0,0,0,0,0,0,0,0,0,0,0,0,0,0,0,0,0,0,0,0,0,0,0,0,0,0,0,0,0,0,0,0,0,0,0,0,0,0,0,0,0,0,0,0,0,0,0,0,0,0,0,0,0,0,0,0,0,0,0,0,0,0,0,0,0,0,0,0,0,0,0,0,0,0,0,0,0,0,0,0,0,0,0,0,0,0,0,0,0,0,0,0,0,0,0,0,0,0,0,0,0,0,0,0,0,0,0,0,0,0,0,0,0,0,0,0,0,0,0,0,0,0,0,0,0,0,0,0,0,0,0,0,0,0,0,0,0,0,0,0,0,0,0,0,0,0,0,0,0,0,0,0,0,0,0,0,0,0,0,0,0,0,0,0,0,0,0,0,0,0,0,0,0,0,0,0,0,0,0,0,0,0,0,0,0,0,0,0,0,0,0,0,0,0,0,0,0,0,0,0,0,0,0,0,0,0,0,0,0,0,0,0,0,0,0,0,0,0,0,0,0,0,0,0,0,0,0,0,0,0,0,0,0,0,0,0,0,0,0,0,0,0,0,0,0,0,0,0,0,0,0,0,0,0,0,0,0,0,0,0,0,0,0,0,0,0,0,0,0,0,0,0,0,0,0,0,0,0,0,0,0,0,0,0,0,0,0,0,0
2,4,4,4,5,0,4,4,4,5,3,3,4,4,5,1,4,5,3,1,4,4,5,2,2,0,3,3,0,4,5,3,4,4,5,3,4,4,5,1,4,4,5,3,4,4,5,2,2,2,2,2,3,3,3,1,1,4,5,1,4,5,1,4,5,3,4,5,3,4,5,2,2,2,2,2,0,0,0,0,3,3,1,1,1,4,4,5,1,1,4,5,2,4,4,4,5,1,4,5,3,4,5,2,2,0,0,0,0,0,0,3,3,3,3,1,4,4,4,5,1,4,4,5,3,4,5,1,4,5,3,4,4,5,2,2,2,2,3,3,3,3,3,1,1,1,1,8,8,8,8,8,8,8,8,8,2,2,2,2,2,2,2,0,0,0,0,0,0,0,3,3,0,0,0,4,4,4,5,3,0,3,4,5,2,4,4,4,5,2,0,4,4,4,5,3,3,0,4,4,4,5,2,2,2,2,1,1,1,1,1,1,3,3,3,3,3,3,3,4,4,5,0,4,4,5,1,3,4,4,5,1,4,5,3,4,4,5,2,2,2,2,2,2,2,2,2,0,3,3,3,3,3,3,1,4,5,1,4,5,3,4,5,3,4,5,1,4,4,4,5,2,2,2,3,3,1,1,1,1,8,8,8,8,8,8,8,8,8,2,2,2,2,2,2,2,0,0,0,0,0,0,0,3,3,3,1,1,1,1,1,4,5,1,1,4,5,2,4,5,1,4,4,5,1,4,5,2,2,0,0,0,0,0,0,0,0,0,3,1,1,2,2,4,4,5,2,0,4,4,4,5,2,4,4,4,5,0,4,4,4,5,0,4,4,4,5,3,3,3,1,3,1,2,1,1,1,4,4,5,1,1,4,4,5,2,4,4,4,5,2,4,4,5,2,1,4,4,5,3,3,3,0,0,0,3,3,3,3,3,3,3,1,1,1,8,8,8,8,8,8,8,8,8,2,2,2,2,2,2,2,0,0,0,0,0,0,0,2,2,0,0,4,4,4,5,2,1,1,1,1,1,4,4,4,5,2,2,1,1,1,4,4,4,5,1,4,4,4,5,1,4,5,3,3,3,3,3,0,0,0,0,0,0,0,0,1,1,1,1,1,1,1,2,4,4,5,3,4,4,4,5,3,4,5,1,4,5,3,3,4,5,2,2,2,0,0,0,0,0,0,0,3,3,3,3,3,3,3,1,1,1,1,1,1,1,1,1,1,1,1,1,1,1,1,1,1,1,1,1,1,1,1,1,1,1,1,1,1,1,1,1,1,1,1,1,1,1,1,1,1,1,1,1,1,1,1,1,1,1,1,1,1,1,1,1,1,1,1,1,1,1,1,1,1,1,1,1,1,1,1,1,1,1,1,1,1,1,1,1,1,1,1,1,1,1,1,1,1,1,1,1,1,1,1,1,1,1,1,1,1,1,1,1,1,1,1,1,1,1,1,1,1,1,1,1,1,1,1,1,1,1,1,1,1,1,1,1,1,1,1,1,1,1,1,1,1,1,1,1,1,1,1,1,1,1,1,1,1,1,1,1,1,1,1,1,1,1,1,1,1,1,1,1,1,1,1,1,1,1,1,1,1,1,1,1,1,1,1,1,1,1,1,1,1,1,1,1,1,1,1,1,1,1,1,1,1,1,1,1,1,1,1,1,1,1,1,1,1,1,1,1,1,1,1,1,1,1,1,1,1,1,1,1,1,1,1,1,1,1,1,1,1,1,1,1,1,1,1,1,1,1,1,1,1,1,1,1,1,1,1,1,1,1,1,1,1,1,1,1,1,1,1,1,1,1,1,1,1,1,1,1,1,1,1,1,1,1,1,1,1,1,1,1,1,1,1,1,1,1,1,1,1,1,1,1,1,1,1,1,1,1,1,1,1,1,1,1,1,1,1,1,1,1,1,1,1,1,1,1,1,1,1,1,1,1,1,1,1,1,1,1,1,1,1,1,1,1,1,1,1,1,1,1,1,1,1,1,1,1,1,1,1,1,1,1,1,1,1,1,1,1,1,1,1,1,1,1,1,1,1,1,1,1,1,1,1,1,1,1,1,1,1,1,1,1,1,1,1,1,1,1,1,1,1,1,1,1,1,1,1,1,1,1,1,1,1,1,1,1,1,1,1,1,1,1,1,1,1,1,1,1,1,1,1,1,1,1,1,1,1,1,1,1,1,1,1,1,1,1,1,1,1,1,1,1,1,1,1,1,1,1,1,1,1,1,1,1,1,1,1,1,1,1,1,1,1,1,1,1
"""

You are playing: kevinz6
You won this match
Your game win count:       19
Opponent game win count:   11
Put the 4 lines between the """ characters in a file to watch a replay
You are the red player in the closest scoring round replay from this match:
"""
24
1649909952496
1,4,4,5,1,2,4,4,5,1,2,4,5,1,4,4,5,1,4,5,0,0,0,0,0,3,3,3,3,3,4,4,4,5,1,1,4,4,4,5,1,1,3,4,4,4,5,1,3,4,4,4,5,1,4,4,4,5,0,0,0,0,0,0,2,2,2,2,2,0,0,0,4,4,4,5,1,2,4,4,4,5,0,0,4,4,4,5,1,2,4,4,4,5,1,2,2,4,4,5,1,1,3,3,3,3,1,1,1,3,4,4,5,1,2,4,4,5,1,4,4,5,1,3,4,4,5,3,4,4,5,0,0,0,0,1,1,1,1,2,2,2,2,2,2,2,8,8,8,8,8,8,8,8,8,0,0,0,0,0,0,3,3,3,3,3,2,2,2,2,4,5,1,4,5,1,4,5,1,4,5,3,4,5,0,0,0,3,3,3,1,1,1,1,1,1,2,4,5,1,4,4,5,1,4,5,2,4,5,1,4,5,0,0,0,0,0,0,0,0,0,3,3,1,1,1,1,2,2,2,4,5,1,4,5,1,4,5,3,4,5,1,4,5,0,0,0,0,0,0,0,3,3,0,1,1,1,1,1,1,1,2,2,2,2,2,8,8,8,8,8,8,8,8,8,1,3,3,4,4,4,5,1,4,4,5,1,4,4,4,5,2,4,4,4,5,1,4,5,1,1,2,2,2,2,2,2,2,2,0,4,4,5,3,4,4,4,5,0,4,4,5,3,4,4,5,3,4,5,1,1,2,2,2,2,4,4,4,5,2,2,4,4,4,5,0,0,4,4,4,5,3,4,4,4,5,3,3,4,4,5,1,1,1,1,3,4,4,4,5,3,4,4,4,5,1,1,3,4,4,4,5,3,3,3,4,4,4,5,3,4,4,4,5,0,0,0,0,2,2,2,2,2,2,2,0,0,0,4,4,5,0,4,4,5,3,4,4,5,3,3,4,5,1,4,4,4,5,1,1,1,2,0,0,0,0,0,0,3,3,3,3,8,8,8,8,8,8,8,8,8,0,0,0,0,0,0,3,3,3,3,3,3
2,4,4,4,5,3,3,3,4,4,5,1,4,4,5,3,4,4,5,3,4,5,3,4,5,2,2,2,2,2,0,3,0,4,4,4,5,3,4,4,5,0,4,4,5,3,3,3,4,4,5,3,4,4,5,2,2,2,2,2,2,1,1,1,1,1,4,4,5,1,4,4,5,1,4,4,5,3,4,5,3,4,5,2,2,0,0,0,0,0,0,0,0,4,4,4,5,3,3,3,3,1,1,1,4,4,5,3,3,4,5,1,4,5,3,4,4,5,2,2,2,2,2,2,2,0,3,3,1,1,4,4,5,3,4,5,3,4,5,3,4,5,3,4,5,1,4,4,4,1,1,1,8,8,8,8,8,8,8,8,8,2,2,2,4,2,4,2,4,4,2,4,4,0,0,0,0,0,0,2,2,2,2,1,4,5,1,4,4,4,5,1,4,4,4,5,3,1,4,4,4,5,3,4,4,4,5,3,3,0,0,0,0,3,3,3,1,1,1,4,5,3,4,5,3,4,5,3,5,3,4,5,2,2,2,2,2,2,2,0,0,0,3,3,1,1,1,1,4,5,3,4,5,3,4,5,2,1,4,5,1,5,1,4,2,4,2,4,2,0,0,0,0,0,0,0,3,3,3,3,3,3,1,1,1,1,1,1,1,8,8,8,8,8,8,8,8,8,1,1,1,4,5,1,4,4,4,5,3,4,4,4,5,1,4,5,1,4,4,5,3,3,4,4,3,3,4,4,3,2,5,1,1,4,4,4,5,2,1,4,4,4,5,2,4,4,4,5,2,1,4,4,4,5,3,3,3,3,0,0,0,0,2,2,1,4,4,5,0,0,4,4,5,2,4,4,5,2,1,1,4,4,4,5,2,2,4,5,3,3,3,3,3,3,0,3,3,3,0,4,4,4,5,0,4,4,4,5,3,4,4,4,5,3,4,4,4,5,2,2,0,4,5,2,4,4,2,2,1,1,1,3,1,1,1,4,5,2,2,2,2,2,2,2,4,4,4,5,0,0,0,0,4,5,0,0,0,0,8,8,8,8,8
"""

You are playing: kyluo Strategy
You lost this match
Your game win count:        4
Opponent game win count:   26
Put the 4 lines between the """ characters in a file to watch a replay
You are the blue player in the closest scoring round replay from this match:
"""
20
1649909957418
3,4,4,4,5,0,2,0,4,4,4,5,2,2,4,4,5,0,4,4,4,5,2,4,4,4,5,3,1,3,1,3,1,3,1,1,4,5,2,2,2,4,5,2,2,4,5,2,4,5,2,4,5,3,0,3,0,3,3,3,3,2,1,4,4,5,1,4,4,5,1,4,4,5,3,4,4,5,1,1,4,4,5,0,0,0,0,0,2,1,2,1,1,4,4,4,5,2,4,5,1,4,5,1,4,5,1,4,4,4,5,0,3,0,3,0,3,0,0,0,2,1,2,2,4,4,5,2,4,5,2,4,5,3,1,1,4,5,1,3,3,4,5,2,1,2,8,8,8,8,8,8,8,8,8,1,2,1,2,1,2,1,2,1,2,2,2,2,4,4,4,5,2,4,4,4,5,0,0,0,4,4,4,5,2,4,4,4,5,0,0,4,4,4,5,1,3,1,3,1,3,1,3,1,2,0,4,4,5,0,0,4,4,5,3,0,0,1,4,4,5,3,0,3,3,3,3,4,5,1,4,5,1,2,1,2,2,2,0,2,0,4,4,4,5,3,1,3,1,3,3,4,4,5,3,1,4,4,4,5,3,4,4,5,1,3,4,4,5,1,2,1,2,4,4,4,5,0,2,0,2,0,2,0
1,4,4,5,3,3,4,4,5,3,4,4,4,5,0,4,4,5,3,4,4,5,2,2,2,2,0,4,4,4,5,2,4,4,5,1,4,4,4,5,1,2,4,4,4,5,1,1,4,4,4,5,0,0,0,3,3,3,3,4,4,4,5,1,1,4,5,1,4,5,3,4,5,1,4,5,0,0,0,0,2,2,2,0,0,3,4,4,4,5,0,3,4,4,4,5,3,4,4,4,5,3,4,4,4,5,1,4,4,5,1,1,2,2,2,2,2,2,2,4,4,4,5,1,1,1,1,4,4,4,5,3,4,4,5,3,4,4,5,3,4,4,5,0,0,0,0,1,1,1,2,4,4,5,1,1,4,4,5,2,4,4,5,2,3,3,3,3,3,3,3,3,8,8,8,8,8,8,8,8,8,2,2,4,5,1,4,5,0,0,0,0,0,0,2,2,2,1,1,1,1,3,3,4,4,5,1,4,5,2,4,5,1,2,4,4,5,1,1,1,3,3,4,5,0,0,0,0,0,0,0,2,2,0,0,0,0,3,3,3,3,3,4,4,4,5,3,4,4,4,5,1,1,1,1,1,1,1,1,3,3,3,4,5,1,4,5,1,4,4,4,5,1,1,1,1,3,3,4,4,4,5,1,4
"""

You are playing: UserStrategy
You won this match
Your game win count:       18
Opponent game win count:   12
Put the 4 lines between the """ characters in a file to watch a replay
You are the red player in the closest scoring round replay from this match:
"""
20
1649909959265
3,4,4,4,5,3,4,5,1,3,4,4,4,5,1,1,4,4,5,1,4,4,4,5,0,0,0,0,2,2,2,1,3,4,4,4,5,1,3,4,4,4,5,1,1,3,3,4,4,4,5,1,4,4,4,5,2,4,4,4,5,0,0,0,0,0,2,2,2,0,3,4,4,4,5,0,2,4,4,5,1,1,2,2,4,4,5,1,1,4,4,5,2,4,5,1,4,5,1,4,5,0,0,0,0,3,3,3,1,1,1,1,4,4,5,1,4,4,5,3,4,4,5,2,2,4,4,4,5,1,4,5,0,0,0,0,0,0,3,1,1,1,2,4,4,4,5,1,2,4,5,1,4,5,1,0,2,2,2,2,2,2,2,2,2,2,2,2,2,2,2,2,2,2,2,2,2,2,2,2,2,2,2,2,2,2,2,2,2,2,2,2,2,2,2,2,2,2,2,2,2,2,2,2,2,2,2,2,2,2,2,2,2,2,2,2,2,2,2,2,2,2,2,2,2,2,2,2,2,2,2,2,2,2,2,2,2,2,2,2,2,2,2,2,2,2,2,2,2,2,2,2,2,2,2,2,2,2,2,2,2,2,2,2,2,2,2,2,2,2,2,2,2,2,2,2,2,2,2,2,2,2,2,2,2,2,2,2,2,2,2,2,2,2,2,2,2,2,2,2,2,2,2,2,2,2,2,2,2,2,2,2,2,2,2,2,2,2,2,2,2,2,2,2,2,2,2,2,2,2,2,2,2,2,2,2,2,2,2,2,2,2,2,2,2,2,2,2,2,2,2,2,2,2,2,2,2,2,2,2,2,2,2,2,2,2,2,2,2,2,2,2,2,2,2,2,2,2,2,2,2,2,2,2,2,2,2,2,2,2,2,2,2,2,2,2,2,2,2,2,2,2,2,2,2,2,2,2,2,2,2,2,2,2,2,2,2,2,2,2,2,2,2,2,2,2,2,2,2,2,2,2,2,2,2,2,2,2,2,2,2,2,2,2,2,2,2,2,2,2,2,2,2,2,2,2,2,2,2,2,2,2,2,2,2,2,2,2,2,2,2,2,2,2,2,2,2,2,2,2,2,2,2,2,2,2,2,2,2,2,2,2,2,2,2,2,2,2,2,2,2,2,2,2,2,2,2,2,2,2,2,2,2,2,2,2,2,2,2,2,2,2,2,2,2,2,2,2,2,2,2,2,2,2,2,2,2,2,2,2,2,2,2,2,2,2,2,2,2,2,2,2,2,2,2,2,2,2,2,2,2,2,2,2,2,2,2,2,2,2,2,2,2,2,2,2,2,2,2,2,2,2,2,2,2,2,2,2,2,2,2,2,2,2,2,2,2,2,2,2,2,2,2,2,2,2,2,2,2,2,2,2,2,2,2,2,2,2,2,2,2,2,2,2,2,2,2,2,2,2,2,2,2,2,2,2,2,2,2,2,2,2,2,2,2,2,2,2,2,2,2,2,2,2,2,2,2,2,2,2,2,2,2,2,2,2,2,2,2,2,2,2,2,2,2,2,2,2,2,2,2,2,2,2,2,2,2,2,2,2,2,2,2,2,2,2,2,2,2,2,2,2,2,2,2,2,2,2,2,2,2,2,2,2,2,2,2,2,2,2,2,2,2,2,2,2,2,2,2,2,2,2,2,2,2,2,2,2,2,2,2,2,2,2,2,2,2,2,2,2,2,2,2,2,2,2,2,2,2,2,2,2,2,2,2,2,2,2,2,2,2,2,2,2,2,2,2,2,2,2,2,2,2,2,2,2,2,2,2,2,2,2,2,2,2,2,2,2,2,2,2,2,2,2,2,2,2,2,2,2,2,2,2,2,2,2,2,2,2,2,2,2,2,2,2,2,2,2,2,2,2,2,2,2,2,2,2,2,2,2,2,2,2,2,2,2,2,2,2,2,2,2,2,2,2,2,2,2,2,2,2,2,2,2,2,2,2,2,2,2,2,2,2,2,2,2,2,2,2,2,2,2,2,2,2,2,2,2,2,2,2,2,2,2,2,2,2,2,2,2,2,2,2,2,2,2,2,2,2,2,2,2,2,2,2,2,2,2,2,2,2,2,2,2,2,2,2,2,2,2,2,2,2,2,2,2,2,2,2,2,2,2,2,2,2,2,2,2,2,2,2,2,2,2,2,2,2,2,2,2,2,2,2,2,2,2,2,2,2,2,2,2,2,2,2,2,2,2,2,2,2,2,2,2,2,2,2,2,2,2,2,2,2,2,2,2,2,2,2,2
2,4,5,2,1,4,4,4,5,3,3,3,4,4,4,5,0,0,4,4,4,5,3,4,4,5,2,2,1,8,1,1,4,4,4,5,2,1,4,4,4,5,3,3,4,4,5,3,4,5,1,4,4,4,5,2,2,0,0,0,0,8,3,3,4,4,5,3,3,4,4,4,5,3,4,4,5,1,4,5,1,4,4,4,5,2,2,2,2,2,0,0,8,3,0,0,0,4,4,4,5,3,3,3,4,4,4,5,3,4,4,4,5,3,4,4,4,5,1,4,4,5,2,2,2,2,2,2,1,1,8,3,3,1,1,4,5,3,3,3,1,1,1,8,8,8,8,8,8,8,8,8,3,3,4,4,4,5,3,3,3,3,3,3,3,3,3,3,3,3,3,3,3,3,3,3,3,3,3,3,3,3,3,3,3,3,3,3,3,3,3,3,3,3,3,3,3,3,3,3,3,3,3,3,3,3,3,3,3,3,3,3,3,3,3,3,3,3,3,3,3,3,3,3,3,3,3,3,3,3,3,3,3,3,3,3,3,3,3,3,3,3,3,3,3,3,3,3,3,3,3,3,3,3,3,3,3,3,3,3,3,3,3,3,3,3,3,3,3,3,3,3,3,3,3,3,3,3,3,3,3,3,3,3,3,3,3,3,3,3,3,3,3,3,3,3,3,3,3,3,3,3,3,3,3,3,3,3,3,3,3,3,3,3,3,3,3,3,3,3,3,3,3,3,3,3,3,3,3,3,3,3,3,3,3,3,3,3,3,3,3,3,3,3,3,3,3,3,3,3,3,3,3,3,3,3,3,3,3,3,3,3,3,3,3,3,3,3,3,3,3,3,3,3,3,3,3,3,3,3,3,3,3,3,3,3,3,3,3,3,3,3,3,3,3,3,3,3,3,3,3,3,3,3,3,3,3,3,3,3,3,3,3,3,3,3,3,3,3,3,3,3,3,3,3,3,3,3,3,3,3,3,3,3,3,3,3,3,3,3,3,3,3,3,3,3,3,3,3,3,3,3,3,3,3,3,3,3,3,3,3,3,3,3,3,3,3,3,3,3,3,3,3,3,3,3,3,3,3,3,3,3,3,3,3,3,3,3,3,3,3,3,3,3,3,3,3,3,3,3,3,3,3,3,3,3,3,3,3,3,3,3,3,3,3,3,3,3,3,3,3,3,3,3,3,3,3,3,3,3,3,3,3,3,3,3,3,3,3,3,3,3,3,3,3,3,3,3,3,3,3,3,3,3,3,3,3,3,3,3,3,3,3,3,3,3,3,3,3,3,3,3,3,3,3,3,3,3,3,3,3,3,3,3,3,3,3,3,3,3,3,3,3,3,3,3,3,3,3,3,3,3,3,3,3,3,3,3,3,3,3,3,3,3,3,3,3,3,3,3,3,3,3,3,3,3,3,3,3,3,3,3,3,3,3,3,3,3,3,3,3,3,3,3,3,3,3,3,3,3,3,3,3,3,3,3,3,3,3,3,3,3,3,3,3,3,3,3,3,3,3,3,3,3,3,3,3,3,3,3,3,3,3,3,3,3,3,3,3,3,3,3,3,3,3,3,3,3,3,3,3,3,3,3,3,3,3,3,3,3,3,3,3,3,3,3,3,3,3,3,3,3,3,3,3,3,3,3,3,3,3,3,3,3,3,3,3,3,3,3,3,3,3,3,3,3,3,3,3,3,3,3,3,3,3,3,3,3,3,3,3,3,3,3,3,3,3,3,3,3,3,3,3,3,3,3,3,3,3,3,3,3,3,3,3,3,3,3,3,3,3,3,3,3,3,3,3,3,3,3,3,3,3,3,3,3,3,3,3,3,3,3,3,3,3,3,3,3,3,3,3,3,3,3,3,3,3,3,3,3,3,3,3,3,3,3,3,3,3,3,3,3,3,3,3,3,3,3,3,3,3,3,3,3,3,3,3,3,3,3,3,3,3,3,3,3,3,3,3,3,3,3,3,3,3,3,3,3,3,3,3,3,3,3,3,3,3,3,3,3,3,3,3,3,3,3,3,3,3,3,3,3,3,3,3,3,3,3,3,3,3,3,3,3,3,3,3,3,3,3,3,3,3,3,3,3,3,3,3,3,3,3,3,3,3,3,3,3,3,3,3,3,3,3,3,3,3,3,3,3,3,3,3,3,3,3,3,3,3,3,3,3,3,3,3,3,3,3,3,3,3,3,3,3,3,3,3,3,3,3,3,3,3,3,3,3,3,3,3,3,3,3,3,3,3,3,3,3,3,3
"""

Your placement is: 14 / 30
Top 4 strategies:
Dominic in place 4
Tester 5 in place 3
my stg in place 2
kyluo Strategy in place 1
Congratulations to the winner: kyluo Strategy
