You are playing: MyStrategy
You won this match
Your game win count:       25
Opponent game win count:    5
Put the 4 lines between the """ characters in a file to watch a replay
You are the blue player in the closest scoring round replay from this match:
"""
20
1649737814495
3,0,4,4,4,5,1,1,3,1,4,4,4,5,1,4,4,4,5,1,1,1,1,1,1,4,4,4,5,2,2,1,2,1,2,1,4,4,4,5,2,2,2,2,2,2,2,0,2,0,3,4,4,5,3,4,4,5,3,4,4,5,1,4,4,5,3,3,1,4,4,5,2,2,2,2,0,2,0,2,4,4,4,5,2,4,4,4,5,3,0,4,4,4,5,2,0,4,4,4,5,2,4,4,4,5,3,3,1,3,1,0,2,0,4,4,5,2,0,4,4,5,0,0,4,4,5,3,3,4,4,5,3,3,3,0,3,0,0,0,0,3,0,1,1,1,1,1,1,1,1,1,1,1,1,8,8,8,8,8,8,8,8,8,1,1,1,3,1,4,4,5,2,2,2,2,2,2,1,1,1,4,4,4,5,1,4,4,4,5,3,3,3,3,4,4,4,5,3,4,4,4,5,3,1,4,4,4,5,2,2,2,0,2,0,2,0,2,0,0,0,0,0,0,0,3,0,3,0,3,0,3,0,2,0,2,0,4,4,4,5,3,3,3,0,4,4,4,5,3,3,4,4,4,5,2,1,2,1,2,1,2,1,2,1,2,1,2,1,4,4,4,5,2,2,2,3,3,3,3,3,3,3,3,1,1,1,1,8,8,8,8,8,8,8,8,8,2,2,2,2,2,2,2,2,4,4,4,5,1,1,3,1,3,1,3,1,0,0,0,0
3,4,4,5,0,4,4,4,5,2,4,4,4,5,1,1,4,4,5,2,4,4,4,5,2,4,4,4,5,1,1,4,4,4,5,3,4,4,5,0,0,0,3,1,1,3,4,4,5,3,4,5,1,4,5,3,4,5,3,4,5,0,0,0,2,2,2,2,1,1,1,4,4,5,3,4,4,4,5,1,4,5,3,4,5,1,4,5,0,0,0,0,0,2,2,3,3,3,3,4,4,5,1,4,5,3,4,4,4,5,3,4,5,3,4,5,0,2,2,2,2,2,2,2,1,3,3,3,4,4,4,5,1,3,3,4,5,3,4,5,3,4,5,3,4,5,1,1,1,1,1,1,0,0,0,2,2,8,8,8,8,8,8,8,8,8,1,1,1,1,1,1,1,1,3,3,3,3,0,2,4,4,5,0,0,4,4,5,0,4,5,0,4,5,3,4,4,5,1,1,1,1,1,0,0,3,4,4,5,0,4,4,5,0,0,4,4,5,3,4,4,5,3,4,4,5,1,1,1,1,1,2,2,2,0,2,2,2,4,5,0,4,5,0,4,5,3,4,5,0,4,5,1,1,1,1,3,3,1,1,1,2,2,4,4,4,5,2,4,4,4,5,0,4,5,2,2,2,2,4,4,4,5,0,0,0,4,5,1,3,3,3,3,3,3,0,0,0,0,0,2,2,2,8,8,8,8,8,8,8,8,8,1,1,1,1,1,3,3,3,3
"""

You are playing: Alan Santiago
You won this match
Your game win count:       27
Opponent game win count:    3
Put the 4 lines between the """ characters in a file to watch a replay
You are the blue player in the closest scoring round replay from this match:
"""
20
1649737869196
2,4,4,5,2,4,4,5,1,1,4,4,5,1,4,5,3,4,4,5,0,0,0,3,1,3,3,4,4,4,5,1,4,4,4,5,1,4,4,5,3,4,4,4,5,1,3,4,4,4,5,0,0,0,0,2,2,2,2,0,3,3,4,4,4,5,0,0,2,2,2,4,4,5,2,2,4,4,4,5,1,4,4,5,1,1,1,4,4,5,0,3,3,3,1,1,1,1,1,4,4,5,3,4,4,5,1,1,4,4,5,1,3,4,4,4,5,1,1,4,4,4,5,0,0,0,0,2,2,2,2,2,2,8,8,8,8,8,8,8,8,0,0,0,0,0,0,3,3,3,3,3,3,3,3,3,3,3,3,3,3,3,3,3,3,3,3,3,3,3,3,3,3,3,3,3,3,3,3,3,3,3,3,3,3,3,3,3,3,3,3,3,3,3,3,3,3,3,3,3,3,3,3,3,3,3,3,3,3,3,3,3,3,3,3,3,3,3,3,3,3,3,3,3,3,3,3,3,3,3,3,3,3,3,3,3,3,3,3,3,3,3,3,3,3,3,3,3,3,3,3,3,3,3,3,3,3,3,3,3,3,3,3,3,3,3,3,3,3,3,3,3,3,3,3,3,3,3,3,3,3,3,3,3,3,3,3,3,3,3,3,3,3,3,3,3,3,3,3,3,3,3,3,3,3,3,3,3,3,3,3,3,3,3,3,3,3,3,3,3,3,3,3,3,3,3,3,3,3,3,3,3,3,3,3,3,3,3,3,3,3,3,3,3,3,3,3,3,3,3,3,3,3,3,3,3,3,3,3,3,3,3,3,3,3,3,3,3,3,3,3,3,3,3,3,3,3,3,3,3,3,3,3,3,3,3,3,3,3,3,3,3,3,3,3,3,3,3,3,3,3,3,3,3,3,3,3,3,3,3,3,3,3,3,3,3,3,3,3,3,3,3,3,3,3,3,3,3,3,3,3,3,3,3,3,3,3,3,3,3,3,3,3,3,3,3,3,3,3,3,3,3,3,3,3,3,3,3,3,3,3,3,3,3,3,3,3,3,3,3,3,3,3,3,3,3,3,3,3,3,3,3,3,3,3,3,3,3,3,3,3,3,3,3,3,3,3,3,3,3,3,3,3,3,3,3,3,3,3,3,3,3,3,3,3,3,3,3,3,3,3,3,3,3,3,3,3,3,3,3,3,3,3,3,3,3,3,3,3,3,3,3,3,3,3,3,3,3,3,3,3,3,3,3,3,3,3,3,3,3,3,3,3,3,3,3,3,3,3,3,3,3,3,3,3,3,3,3,3,3,3,3,3,3,3,3,3,3,3,3,3,3,3,3,3,3,3,3,3,3,3,3,3,3,3,3,3,3,3,3,3,3,3,3,3,3,3,3,3,3,3,3,3,3,3,3,3,3,3,3,3,3,3,3,3,3,3,3,3,3,3,3,3,3,3,3,3,3,3,3,3,3,3,3,3,3,3,3,3,3,3,3,3,3,3,3,3,3,3,3,3,3,3,3,3,3,3,3,3,3,3,3,3,3,3,3,3,3,3,3,3,3,3,3,3,3,3,3,3,3,3,3,3,3,3,3,3,3,3,3,3,3,3,3,3,3,3,3,3,3,3,3,3,3,3,3,3,3,3,3,3,3,3,3,3,3,3,3,3,3,3,3,3,3,3,3,3,3,3,3,3,3,3,3,3,3,3,3,3,3,3,3,3,3,3,3,3,3,3,3,3,3,3,3,3,3,3,3,3,3,3,3,3,3,3,3,3,3,3,3,3,3,3,3,3,3,3,3,3,3,3,3,3,3,3,3,3,3,3,3,3,3,3,3,3,3,3,3,3,3,3,3,3,3,3,3,3,3,3,3,3,3,3,3,3,3,3,3,3,3,3,3,3,3,3,3,3,3,3,3,3,3,3,3,3,3,3,3,3,3,3,3,3,3,3,3,3,3,3,3,3,3,3,3,3,3,3,3,3,3,3,3,3,3,3,3,3,3,3,3,3,3,3,3,3,3,3,3,3,3,3,3,3,3,3,3,3,3,3,3,3,3,3,3,3,3,3,3,3,3,3,3,3,3,3,3,3,3,3,3,3,3,3,3,3,3,3,3,3,3,3,3,3,3,3,3,3,3,3,3,3,3,3,3,3,3,3,3,3,3,3,3,3,3,3,3,3,3,3,3,3,3,3,3,3,3,3,3,3,3,3,3,3,3,3,3,3,3,3,3,3,3,3,3,3,3,3,3,3,3
1,4,4,5,1,4,4,5,1,4,4,5,3,4,4,5,1,4,4,4,5,0,0,0,0,2,3,3,4,4,5,1,4,4,5,3,4,4,5,1,4,5,3,4,5,0,0,2,2,2,2,0,3,4,4,5,0,3,3,4,4,5,0,4,4,4,5,0,4,4,4,5,1,3,3,3,4,4,4,5,1,1,1,2,2,2,2,2,2,1,2,2,4,4,4,5,1,2,2,4,4,4,5,1,1,3,4,4,4,5,3,3,4,4,5,1,4,4,5,0,0,0,0,0,3,3,3,3,3,4,4,5,1,3,4,5,1,4,5,3,4,5,3,4,5,0,0,2,2,2,2,2,2,2,2,2,2,2,2,2,2,2,2,2,2,2,2,2,2,2,2,2,2,2,2,2,2,2,2,2,2,2,2,2,2,2,2,2,2,2,2,2,2,2,2,2,2,2,2,2,2,2,2,2,2,2,2,2,2,2,2,2,2,2,2,2,2,2,2,2,2,2,2,2,2,2,2,2,2,2,2,2,2,2,2,2,2,2,2,2,2,2,2,2,2,2,2,2,2,2,2,2,2,2,2,2,2,2,2,2,2,2,2,2,2,2,2,2,2,2,2,2,2,2,2,2,2,2,2,2,2,2,2,2,2,2,2,2,2,2,2,2,2,2,2,2,2,2,2,2,2,2,2,2,2,2,2,2,2,2,2,2,2,2,2,2,2,2,2,2,2,2,2,2,2,2,2,2,2,2,2,2,2,2,2,2,2,2,2,2,2,2,2,2,2,2,2,2,2,2,2,2,2,2,2,2,2,2,2,2,2,2,2,2,2,2,2,2,2,2,2,2,2,2,2,2,2,2,2,2,2,2,2,2,2,2,2,2,2,2,2,2,2,2,2,2,2,2,2,2,2,2,2,2,2,2,2,2,2,2,2,2,2,2,2,2,2,2,2,2,2,2,2,2,2,2,2,2,2,2,2,2,2,2,2,2,2,2,2,2,2,2,2,2,2,2,2,2,2,2,2,2,2,2,2,2,2,2,2,2,2,2,2,2,2,2,2,2,2,2,2,2,2,2,2,2,2,2,2,2,2,2,2,2,2,2,2,2,2,2,2,2,2,2,2,2,2,2,2,2,2,2,2,2,2,2,2,2,2,2,2,2,2,2,2,2,2,2,2,2,2,2,2,2,2,2,2,2,2,2,2,2,2,2,2,2,2,2,2,2,2,2,2,2,2,2,2,2,2,2,2,2,2,2,2,2,2,2,2,2,2,2,2,2,2,2,2,2,2,2,2,2,2,2,2,2,2,2,2,2,2,2,2,2,2,2,2,2,2,2,2,2,2,2,2,2,2,2,2,2,2,2,2,2,2,2,2,2,2,2,2,2,2,2,2,2,2,2,2,2,2,2,2,2,2,2,2,2,2,2,2,2,2,2,2,2,2,2,2,2,2,2,2,2,2,2,2,2,2,2,2,2,2,2,2,2,2,2,2,2,2,2,2,2,2,2,2,2,2,2,2,2,2,2,2,2,2,2,2,2,2,2,2,2,2,2,2,2,2,2,2,2,2,2,2,2,2,2,2,2,2,2,2,2,2,2,2,2,2,2,2,2,2,2,2,2,2,2,2,2,2,2,2,2,2,2,2,2,2,2,2,2,2,2,2,2,2,2,2,2,2,2,2,2,2,2,2,2,2,2,2,2,2,2,2,2,2,2,2,2,2,2,2,2,2,2,2,2,2,2,2,2,2,2,2,2,2,2,2,2,2,2,2,2,2,2,2,2,2,2,2,2,2,2,2,2,2,2,2,2,2,2,2,2,2,2,2,2,2,2,2,2,2,2,2,2,2,2,2,2,2,2,2,2,2,2,2,2,2,2,2,2,2,2,2,2,2,2,2,2,2,2,2,2,2,2,2,2,2,2,2,2,2,2,2,2,2,2,2,2,2,2,2,2,2,2,2,2,2,2,2,2,2,2,2,2,2,2,2,2,2,2,2,2,2,2,2,2,2,2,2,2,2,2,2,2,2,2,2,2,2,2,2,2,2,2,2,2,2,2,2,2,2,2,2,2,2,2,2,2,2,2,2,2,2,2,2,2,2,2,2,2,2,2,2,2,2,2,2,2,2,2,2,2,2,2,2,2,2,2,2,2,2,2,2,2,2,2,2,2,2,2,2,2,2,2,2,2,2,2,2,2,2,2,2,2,2,2,2,2,2,2,2,2,2,2,2,2,2,2,2,2,2,2,2,2,2,2,2,2
"""

You are playing: my stg
You lost this match
Your game win count:       11
Opponent game win count:   19
Put the 4 lines between the """ characters in a file to watch a replay
You are the red player in the closest scoring round replay from this match:
"""
20
1649737905452
3,4,4,4,5,3,4,4,4,5,1,2,2,2,4,4,5,1,2,4,5,1,4,5,0,0,0,3,3,1,1,1,4,4,5,1,1,4,4,5,3,4,4,5,3,4,4,5,3,4,4,4,5,0,0,0,0,0,2,2,2,0,0,2,4,4,4,5,0,4,4,4,5,2,2,4,4,4,5,0,4,4,4,5,1,1,1,4,4,5,1,3,3,3,1,1,1,1,2,4,4,5,1,4,5,1,4,5,3,4,4,5,3,4,4,4,5,0,0,0,0,0,0,2,1,2,2,2,2,4,4,5,2,4,4,4,5,1,1,2,4,5,2,4,5,0,4,5,0,0,1,1,1,1,1,3,3,8,8,8,8,8,8,8,8,8,0,0,0,0,0,3,3,3,3,3,1,1,1,2,2,2,4,5,1,4,5,1,1,4,5,1,4,5,1,4,5,1,1,2,2,2,2,2,2,2,3,4,4,5,3,3,4,4,5,3,4,4,5,1,4,4,5,1,4,4,4,5,0,0,2,2,2,2,1,4,4,4,5,0,0,4,4,5,3,3,4,4,5,0,4,5,0,4,5,3,4,4,5,1,1,1,2,2,2,0,0,0,0,4,4,5,3,4,4,4,5,0,4,5,3,4,5,3,4,5,1,1,1,1,1,2,2,0,0,0,0,0,3,3,3,3,8,8,8,8,8,8,8,8,8,0,0,0,0,0,3,3,3,3,3
0,4,4,4,5,2,1,1,4,4,4,5,2,2,4,4,4,5,1,1,1,1,4,4,4,5,2,4,4,4,5,3,3,3,3,0,0,0,0,0,3,4,4,5,3,1,4,4,5,1,4,4,5,2,1,1,4,4,5,2,4,4,5,0,0,0,0,3,3,3,3,1,4,5,1,4,5,3,4,5,3,3,4,5,2,4,4,4,5,2,2,2,2,2,2,0,0,3,3,3,3,3,4,4,5,0,4,4,5,2,4,4,5,0,4,4,4,5,2,0,4,4,4,5,2,2,2,1,1,1,3,3,3,3,3,3,1,1,1,4,5,3,2,1,1,8,8,8,8,8,8,8,8,8,3,3,4,5,1,1,4,5,3,4,5,2,1,4,5,3,3,1,1,1,1,4,4,4,5,3,3,3,0,0,4,4,4,5,0,4,4,4,5,3,0,4,4,4,5,0,0,0,4,4,4,5,2,2,2,2,1,1,1,1,1,0,4,4,5,2,2,1,4,4,5,2,4,4,5,1,1,4,4,5,2,0,4,4,5,3,3,3,3,0,2,2,2,0,4,4,4,5,2,4,5,0,4,5,0,4,5,2,1,4,5,3,3,3,3,3,1,1,2,2,2,2,1,1,1,4,4,4,5,2,2,3,0,0,0,0,0,0,0,8,8,8,8,8,8,8,8,8,2,1,1,1,1,1,1,1,1,4,4,4,5,2,4,4,4,5,3
"""

You are playing: Not An Exception
You lost this match
Your game win count:       13
Opponent game win count:   17
Put the 4 lines between the """ characters in a file to watch a replay
You are the red player in the closest scoring round replay from this match:
"""
20
1649737949623
1,4,4,5,1,3,4,4,5,3,4,4,4,5,1,4,4,4,5,1,2,4,5,0,0,0,0,2,2,4,4,5,1,2,4,4,5,1,4,4,5,2,4,5,1,4,5,0,0,0,3,3,3,3,3,4,4,4,5,1,1,3,3,4,4,4,5,1,1,4,4,5,1,1,4,4,4,5,2,2,2,4,4,5,0,0,0,0,0,0,2,2,2,2,4,4,5,1,4,5,2,4,4,5,1,4,5,2,4,4,4,5,0,0,3,3,3,3,3,1,1,1,2,4,4,5,1,1,4,5,3,4,4,5,3,4,4,5,1,2,2,4,5,0,0,0,0,1,1,1,2,2,2,8,8,8,8,8,8,8,8,8,0,0,0,0,0,3,3,3,3,0,0,2,2,4,4,4,5,0,4,4,4,5,1,1,2,4,4,5,1,2,4,4,5,2,4,5,3,3,3,3,3,1,1,1,1,2,2,4,4,5,1,4,5,1,4,5,1,4,5,1,4,5,0,0,0,0,0,0,0,0,3,3,1,1,1,1,2,2,2,4,5,1,1,4,5,1,4,5,2,2,2,4,5,1,4,5,1,1,2,2,2,2,1,4,4,4,5,1,1,1,1,1,1,1,1,1,1,1,1,1,1,1,1,1,1,1,1,1,1,1,1,1,1,1,1,1,1,1,1,1,1,1,1,1,1,1,1,1,1,1,1,1,1,1,1,1,1,1,1,1,1,1,1,1,1,1,1,1,1,1,1,1,1,1,1,1,1,1,1,1,1,1,1,1,1,1,1,1,1,1,1,1,1,1,1,1,1,1,1,1,1,1,1,1,1,1,1,1,1,1,1,1,1,1,1,1,1,1,1,1,1,1,1,1,1,1,1,1,1,1,1,1,1,1,1,1,1,1,1,1,1,1,1,1,1,1,1,1,1,1,1,1,1,1,1,1,1,1,1,1,1,1,1,1,1,1,1,1,1,1,1,1,1,1,1,1,1,1,1,1,1,1,1,1,1,1,1,1,1,1,1,1,1,1,1,1,1,1,1,1,1,1,1,1,1,1,1,1,1,1,1,1,1,1,1,1,1,1,1,1,1,1,1,1,1,1,1,1,1,1,1,1,1,1,1,1,1,1,1,1,1,1,1,1,1,1,1,1,1,1,1,1,1,1,1,1,1,1,1,1,1,1,1,1,1,1,1,1,1,1,1,1,1,1,1,1,1,1,1,1,1,1,1,1,1,1,1,1,1,1,1,1,1,1,1,1,1,1,1,1,1,1,1,1,1,1,1,1,1,1,1,1,1,1,1,1,1,1,1,1,1,1,1,1,1,1,1,1,1,1,1,1,1,1,1,1,1,1,1,1,1,1,1,1,1,1,1,1,1,1,1,1,1,1,1,1,1,1,1,1,1,1,1,1,1,1,1,1,1,1,1,1,1,1,1,1,1,1,1,1,1,1,1,1,1,1,1,1,1,1,1,1,1,1,1,1,1,1,1,1,1,1,1,1,1,1,1,1,1,1,1,1,1,1,1,1,1,1,1,1,1,1,1,1,1,1,1,1,1,1,1,1,1,1,1,1,1,1,1,1,1,1,1,1,1,1,1,1,1,1,1,1,1,1,1,1,1,1,1,1,1,1,1,1,1,1,1,1,1,1,1,1,1,1,1,1,1,1,1,1,1,1,1,1,1,1,1,1,1,1,1,1,1,1,1,1,1,1,1,1,1,1,1,1,1,1,1,1,1,1,1,1,1,1,1,1,1,1,1,1,1,1,1,1,1,1,1,1,1,1,1,1,1,1,1,1,1,1,1,1,1,1,1,1,1,1,1,1,1,1,1,1,1,1,1,1,1,1,1,1,1,1,1,1,1,1,1,1,1,1,1,1,1,1,1,1,1,1,1,1,1,1,1,1,1,1,1,1,1,1,1,1,1,1,1,1,1,1,1,1,1,1,1,1,1,1,1,1,1,1,1,1,1,1,1,1,1,1,1,1,1,1,1,1,1,1,1,1,1,1,1,1,1,1,1,1,1,1,1,1,1,1,1,1,1,1,1,1,1,1,1,1,1,1,1,1,1,1,1,1,1,1,1,1,1,1,1,1,1,1,1,1,1,1,1,1,1,1,1,1,1,1,1,1,1,1,1,1,1,1,1,1,1,1,1,1,1,1,1,1,1,1,1,1,1,1,1,1,1,1,1,1,1,1,1,1,1,1,1,1,1,1,1,1,1,1,1,1,1,1,1,1,1,1,1,1,1,1
3,3,1,4,4,4,5,3,4,5,0,4,4,5,0,4,4,5,3,4,4,5,2,2,2,2,1,8,0,0,0,4,4,4,5,3,3,4,4,5,1,4,4,4,5,2,2,2,4,4,5,2,2,1,1,4,4,4,5,3,3,3,8,2,2,4,4,5,2,1,1,1,4,4,4,5,1,1,4,4,4,5,2,4,4,4,5,1,4,4,4,5,3,3,3,3,0,0,0,0,0,0,8,3,3,1,1,4,5,3,4,5,3,4,5,0,4,5,3,4,5,2,2,2,2,2,0,8,2,1,1,4,4,5,1,1,1,3,3,3,3,3,3,8,8,8,8,8,8,8,8,8,1,1,4,5,1,4,5,3,4,5,3,4,5,3,3,3,1,1,8,1,1,4,4,4,5,2,2,4,4,4,5,1,4,4,4,5,2,4,5,0,4,4,5,3,3,3,0,0,8,2,1,4,4,5,3,3,3,4,4,4,5,3,0,0,4,4,4,5,2,2,2,2,2,2,4,4,5,2,4,5,3,3,3,3,1,8,2,2,2,2,2,4,4,5,0,4,5,2,4,5,1,4,5,1,1,4,4,5,2,2,2,2,0,0,0,0,0,0,0,0,0,0,0,0,0,0,0,0,0,0,0,0,0,0,0,0,0,0,0,0,0,0,0,0,0,0,0,0,0,0,0,0,0,0,0,0,0,0,0,0,0,0,0,0,0,0,0,0,0,0,0,0,0,0,0,0,0,0,0,0,0,0,0,0,0,0,0,0,0,0,0,0,0,0,0,0,0,0,0,0,0,0,0,0,0,0,0,0,0,0,0,0,0,0,0,0,0,0,0,0,0,0,0,0,0,0,0,0,0,0,0,0,0,0,0,0,0,0,0,0,0,0,0,0,0,0,0,0,0,0,0,0,0,0,0,0,0,0,0,0,0,0,0,0,0,0,0,0,0,0,0,0,0,0,0,0,0,0,0,0,0,0,0,0,0,0,0,0,0,0,0,0,0,0,0,0,0,0,0,0,0,0,0,0,0,0,0,0,0,0,0,0,0,0,0,0,0,0,0,0,0,0,0,0,0,0,0,0,0,0,0,0,0,0,0,0,0,0,0,0,0,0,0,0,0,0,0,0,0,0,0,0,0,0,0,0,0,0,0,0,0,0,0,0,0,0,0,0,0,0,0,0,0,0,0,0,0,0,0,0,0,0,0,0,0,0,0,0,0,0,0,0,0,0,0,0,0,0,0,0,0,0,0,0,0,0,0,0,0,0,0,0,0,0,0,0,0,0,0,0,0,0,0,0,0,0,0,0,0,0,0,0,0,0,0,0,0,0,0,0,0,0,0,0,0,0,0,0,0,0,0,0,0,0,0,0,0,0,0,0,0,0,0,0,0,0,0,0,0,0,0,0,0,0,0,0,0,0,0,0,0,0,0,0,0,0,0,0,0,0,0,0,0,0,0,0,0,0,0,0,0,0,0,0,0,0,0,0,0,0,0,0,0,0,0,0,0,0,0,0,0,0,0,0,0,0,0,0,0,0,0,0,0,0,0,0,0,0,0,0,0,0,0,0,0,0,0,0,0,0,0,0,0,0,0,0,0,0,0,0,0,0,0,0,0,0,0,0,0,0,0,0,0,0,0,0,0,0,0,0,0,0,0,0,0,0,0,0,0,0,0,0,0,0,0,0,0,0,0,0,0,0,0,0,0,0,0,0,0,0,0,0,0,0,0,0,0,0,0,0,0,0,0,0,0,0,0,0,0,0,0,0,0,0,0,0,0,0,0,0,0,0,0,0,0,0,0,0,0,0,0,0,0,0,0,0,0,0,0,0,0,0,0,0,0,0,0,0,0,0,0,0,0,0,0,0,0,0,0,0,0,0,0,0,0,0,0,0,0,0,0,0,0,0,0,0,0,0,0,0,0,0,0,0,0,0,0,0,0,0,0,0,0,0,0,0,0,0,0,0,0,0,0,0,0,0,0,0,0,0,0,0,0,0,0,0,0,0,0,0,0,0,0,0,0,0,0,0,0,0,0,0,0,0,0,0,0,0,0,0,0,0,0,0,0,0,0,0,0,0,0,0,0,0,0,0,0,0,0,0,0,0,0,0,0,0,0,0,0,0,0,0,0,0,0,0,0,0,0,0,0,0,0,0,0,0,0,0,0,0,0,0,0,0,0,0,0,0,0,0,0,0,0,0,0,0,0,0,0,0,0,0,0,0,0,0,0,0,0,0,0,0,0,0,0,0,0,0
"""

You are playing: Andrew W
You won this match
Your game win count:       30
Opponent game win count:    0
Put the 4 lines between the """ characters in a file to watch a replay
You are the blue player in the closest scoring round replay from this match:
"""
20
1649737991789
2,4,4,5,0,4,4,4,5,3,1,2,0,0,0,4,4,4,5,3,1,1,1,3,3,3,3,1,1,4,4,4,5,2,2,2,4,4,5,2,0,0,3,3,3,1,1,1,1,4,4,4,5,2,4,4,5,2,2,4,4,5,0,0,0,0,3,3,3,1,1,1,1,1,4,4,4,5,2,4,4,5,2,2,0,0,0,0,0,2,2,2,2,1,1,4,5,1,4,5,1,1,8,8,8,8,8,8,8,2,2,2,4,5,1,4,4,4,5,2,4,5,2,2,1,1,1,1,3,4,4,4,5,2,1,4,4,4,5,0,2,2,4,4,4,5,3,3,3,1,4,4,5,1,4,4,4,5,2,0,0,2,2,0,4,4,4,5,3,3,1,3,0,4,4,5,0,0,0,4,4,4,5,2,4,4,5,1,4,4,5,1,1,1,3,3,4,4,5,3,3,3,4,4,5,3,4,4,4,5,2,2,2,2,2,2,3,3,3,3,3,0,4,5,0,4,5,0,0,8,8,8,8,8,8,8,2,1,4,5,1,1,4,5,1,1,1,4,4,4,5,2,2,2,2,0,0,2,2,2,0,0,0,0,4,4,4,5,3,4,4,5,3,4,4,5,3,1,1,1,1,2,2,2,2,0,0,0,4,4,4,5,3,3,3,4,4,5,3,1,1,1,3,3,3,3,3,0,0,0,0,8,8,8
2,4,4,5,0,4,4,4,5,0,3,4,4,4,5,3,3,3,3,4,4,4,5,0,4,4,4,5,1,1,1,2,2,2,2,1,3,4,4,5,1,4,4,5,3,4,5,1,4,5,3,4,5,0,0,0,2,2,2,0,3,3,3,4,4,4,5,3,3,4,4,5,1,3,4,4,5,1,3,4,5,1,3,4,5,1,1,1,1,1,1,1,1,3,3,1,4,4,4,5,3,4,4,5,2,2,4,4,5,0,0,4,4,4,5,1,2,4,4,5,3,3,0,0,0,4,4,5,3,3,4,4,5,3,4,5,3,4,4,4,5,0,2,2,4,5,1,0,0,2,2,2,2,2,2,8,8,8,8,8,8,8,8,8,1,1,1,1,1,3,3,3,3,2,2,2,4,4,5,0,4,5,0,4,4,5,3,4,5,0,4,5,1,1,1,3,3,1,1,2,2,4,4,4,5,1,1,4,4,4,5,0,2,4,5,2,4,4,4,5,0,2,4,4,5,0,0,3,3,3,3,3,0,0,0,0,2,4,4,5,0,4,5,2,4,5,1,4,5,2,4,5,1,1,1,1,3,3,3,0,2,2,2,2,4,4,5,0,0,4,5,3,4,5,0,0,0,3,4,4,5,0,2,4,5,1,1,1,1,1,1,0,0,0,0,2,8,8,8,8,8,8,8,8,8,1,1,1,1,1,3,3,3,3
"""

You are playing: We are Winning!
You won this match
Your game win count:       29
Opponent game win count:    1
Put the 4 lines between the """ characters in a file to watch a replay
You are the blue player in the closest scoring round replay from this match:
"""
20
1649738028978
0,4,4,4,5,3,4,4,5,3,4,5,2,0,4,4,5,2,2,4,4,4,5,3,1,1,2,1,4,4,5,2,4,4,5,1,4,5,2,4,5,2,4,5,3,3,3,3,0,0,2,2,4,4,5,2,4,4,5,1,4,4,5,2,2,4,5,1,4,5,3,3,3,3,3,0,0,2,1,1,1,4,5,1,4,4,5,1,4,5,2,4,5,1,4,5,3,3,0,0,0,0,0,0,3,1,1,1,4,4,5,1,4,4,5,3,4,4,4,5,3,1,4,4,4,5,3,2,2,2,2,2,2,2,2,8,8,8,8,8,8,8,8,3,3,3,3,3,3,3,3,3,3,3,3,3,3,3,3,3,3,3,3,3,3,3,3,3,3,3,3,3,3,3,3,3,3,3,3,3,3,3,3,3,3,3,3,3,3,3,3,3,3,3,3,3,3,3,3,3,3,3,3,3,3,3,3,3,3,3,3,3,3,3,3,3,3,3,3,3,3,3,3,3,3,3,3,3,3,3,3,3,3,3,3,3,3,3,3,3,3,3,3,3,3,3,3,3,3,3,3,3,3,3,3,3,3,3,3,3,3,3,3,3,3,3,3,3,3,3,3,3,3,3,3,3,3,3,3,3,3,3,3,3,3,3,3,3,3,3,3,3,3,3,3,3,3,3,3,3,3,3,3,3,3,3,3,3,3,3,3,3,3,3,3,3,3,3,3,3,3,3,3,3,3,3,3,3,3,3,3,3,3,3,3,3,3,3,3,3,3,3,3,3,3,3,3,3,3,3,3,3,3,3,3,3,3,3,3,3,3,3,3,3,3,3,3,3,3,3,3,3,3,3,3,3,3,3,3,3,3,3,3,3,3,3,3,3,3,3,3,3,3,3,3,3,3,3,3,3,3,3,3,3,3,3,3,3,3,3,3,3,3,3,3,3,3,3,3,3,3,3,3,3,3,3,3,3,3,3,3,3,3,3,3,3,3,3,3,3,3,3,3,3,3,3,3,3,3,3,3,3,3,3,3,3,3,3,3,3,3,3,3,3,3,3,3,3,3,3,3,3,3,3,3,3,3,3,3,3,3,3,3,3,3,3,3,3,3,3,3,3,3,3,3,3,3,3,3,3,3,3,3,3,3,3,3,3,3,3,3,3,3,3,3,3,3,3,3,3,3,3,3,3,3,3,3,3,3,3,3,3,3,3,3,3,3,3,3,3,3,3,3,3,3,3,3,3,3,3,3,3,3,3,3,3,3,3,3,3,3,3,3,3,3,3,3,3,3,3,3,3,3,3,3,3,3,3,3,3,3,3,3,3,3,3,3,3,3,3,3,3,3,3,3,3,3,3,3,3,3,3,3,3,3,3,3,3,3,3,3,3,3,3,3,3,3,3,3,3,3,3,3,3,3,3,3,3,3,3,3,3,3,3,3,3,3,3,3,3,3,3,3,3,3,3,3,3,3,3,3,3,3,3,3,3,3,3,3,3,3,3,3,3,3,3,3,3,3,3,3,3,3,3,3,3,3,3,3,3,3,3,3,3,3,3,3,3,3,3,3,3,3,3,3,3,3,3,3,3,3,3,3,3,3,3,3,3,3,3,3,3,3,3,3,3,3,3,3,3,3,3,3,3,3,3,3,3,3,3,3,3,3,3,3,3,3,3,3,3,3,3,3,3,3,3,3,3,3,3,3,3,3,3,3,3,3,3,3,3,3,3,3,3,3,3,3,3,3,3,3,3,3,3,3,3,3,3,3,3,3,3,3,3,3,3,3,3,3,3,3,3,3,3,3,3,3,3,3,3,3,3,3,3,3,3,3,3,3,3,3,3,3,3,3,3,3,3,3,3,3,3,3,3,3,3,3,3,3,3,3,3,3,3,3,3,3,3,3,3,3,3,3,3,3,3,3,3,3,3,3,3,3,3,3,3,3,3,3,3,3,3,3,3,3,3,3,3,3,3,3,3,3,3,3,3,3,3,3,3,3,3,3,3,3,3,3,3,3,3,3,3,3,3,3,3,3,3,3,3,3,3,3,3,3,3,3,3,3,3,3,3,3,3,3,3,3,3,3,3,3,3,3,3,3,3,3,3,3,3,3,3,3,3,3,3,3,3,3,3,3,3,3,3,3,3,3,3,3,3,3,3,3,3,3,3,3,3,3,3,3,3,3,3,3,3,3,3,3,3,3,3,3,3,3,3,3,3,3,3,3,3,3,3,3,3,3,3,3,3,3,3,3,3,3,3,3,3,3,3
1,4,4,5,1,4,4,5,2,4,4,4,5,1,4,4,5,3,3,4,4,5,0,0,0,2,3,3,4,4,5,0,3,4,4,5,0,3,4,4,5,3,4,4,5,0,4,4,4,5,1,1,1,2,2,2,2,2,1,2,4,4,5,1,3,3,3,4,5,3,4,5,3,4,5,1,4,4,5,0,0,0,2,2,2,2,1,3,3,3,3,4,5,1,1,3,3,4,5,3,4,5,1,4,5,3,4,5,1,1,1,1,1,1,3,3,2,4,4,5,1,4,4,5,1,4,4,4,5,3,3,0,0,0,0,0,0,0,2,2,2,2,2,2,2,2,2,2,2,2,2,2,2,2,2,2,2,2,2,2,2,2,2,2,2,2,2,2,2,2,2,2,2,2,2,2,2,2,2,2,2,2,2,2,2,2,2,2,2,2,2,2,2,2,2,2,2,2,2,2,2,2,2,2,2,2,2,2,2,2,2,2,2,2,2,2,2,2,2,2,2,2,2,2,2,2,2,2,2,2,2,2,2,2,2,2,2,2,2,2,2,2,2,2,2,2,2,2,2,2,2,2,2,2,2,2,2,2,2,2,2,2,2,2,2,2,2,2,2,2,2,2,2,2,2,2,2,2,2,2,2,2,2,2,2,2,2,2,2,2,2,2,2,2,2,2,2,2,2,2,2,2,2,2,2,2,2,2,2,2,2,2,2,2,2,2,2,2,2,2,2,2,2,2,2,2,2,2,2,2,2,2,2,2,2,2,2,2,2,2,2,2,2,2,2,2,2,2,2,2,2,2,2,2,2,2,2,2,2,2,2,2,2,2,2,2,2,2,2,2,2,2,2,2,2,2,2,2,2,2,2,2,2,2,2,2,2,2,2,2,2,2,2,2,2,2,2,2,2,2,2,2,2,2,2,2,2,2,2,2,2,2,2,2,2,2,2,2,2,2,2,2,2,2,2,2,2,2,2,2,2,2,2,2,2,2,2,2,2,2,2,2,2,2,2,2,2,2,2,2,2,2,2,2,2,2,2,2,2,2,2,2,2,2,2,2,2,2,2,2,2,2,2,2,2,2,2,2,2,2,2,2,2,2,2,2,2,2,2,2,2,2,2,2,2,2,2,2,2,2,2,2,2,2,2,2,2,2,2,2,2,2,2,2,2,2,2,2,2,2,2,2,2,2,2,2,2,2,2,2,2,2,2,2,2,2,2,2,2,2,2,2,2,2,2,2,2,2,2,2,2,2,2,2,2,2,2,2,2,2,2,2,2,2,2,2,2,2,2,2,2,2,2,2,2,2,2,2,2,2,2,2,2,2,2,2,2,2,2,2,2,2,2,2,2,2,2,2,2,2,2,2,2,2,2,2,2,2,2,2,2,2,2,2,2,2,2,2,2,2,2,2,2,2,2,2,2,2,2,2,2,2,2,2,2,2,2,2,2,2,2,2,2,2,2,2,2,2,2,2,2,2,2,2,2,2,2,2,2,2,2,2,2,2,2,2,2,2,2,2,2,2,2,2,2,2,2,2,2,2,2,2,2,2,2,2,2,2,2,2,2,2,2,2,2,2,2,2,2,2,2,2,2,2,2,2,2,2,2,2,2,2,2,2,2,2,2,2,2,2,2,2,2,2,2,2,2,2,2,2,2,2,2,2,2,2,2,2,2,2,2,2,2,2,2,2,2,2,2,2,2,2,2,2,2,2,2,2,2,2,2,2,2,2,2,2,2,2,2,2,2,2,2,2,2,2,2,2,2,2,2,2,2,2,2,2,2,2,2,2,2,2,2,2,2,2,2,2,2,2,2,2,2,2,2,2,2,2,2,2,2,2,2,2,2,2,2,2,2,2,2,2,2,2,2,2,2,2,2,2,2,2,2,2,2,2,2,2,2,2,2,2,2,2,2,2,2,2,2,2,2,2,2,2,2,2,2,2,2,2,2,2,2,2,2,2,2,2,2,2,2,2,2,2,2,2,2,2,2,2,2,2,2,2,2,2,2,2,2,2,2,2,2,2,2,2,2,2,2,2,2,2,2,2,2,2,2,2,2,2,2,2,2,2,2,2,2,2,2,2,2,2,2,2,2,2,2,2,2,2,2,2,2,2,2,2,2,2,2,2,2,2,2,2,2,2,2,2,2,2,2,2,2,2,2,2,2,2,2,2,2,2,2,2,2,2,2,2,2,2,2,2,2,2,2,2,2,2,2,2,2,2,2,2,2,2,2,2,2,2,2,2,2,2,2,2,2,2,2,2
"""

You are playing: CompetitiveStrategy
You won this match
Your game win count:       30
Opponent game win count:    0
Put the 4 lines between the """ characters in a file to watch a replay
You are the blue player in the closest scoring round replay from this match:
"""
20
1649738064841
3,4,3,3,1,0,0,1,4,4,5,2,2,2,3,2,3,0,3,2,0,1,5,4,0,4,5,1,1,3,2,2,2,1,1,0,2,1,5,2,4,4,5,0,2,1,3,0,1,0,4,4,5,0,0,0,5,3,0,2,4,1,1,5,4,0,2,0,0,1,5,1,1,3,4,4,4,5,0,4,0,1,2,0,2,1,0,1,1,1,2,3,4,4,5,1,1,1,1,1,8,8,8,8,8,8,8,8,0,0,0,4,4,5,0,0,3,3,3,3,3,3,4,2,3,2,3,4,4,4,4,5,0,4,1,0,5,3,2,2,3,0,4,4,4,4,4,5,1,4,4,4,4,5,2,2,0,0,2,3,1,0,4,2,0,1,2,1,4,4,4,4,4,5,1,0,0,1,0,4,4,4,4,4,5,1,1,1,3,3,3,2,1,1,1,1,1,1,0,5,0,3,3,4,4,4,4,5,1,4,2,0,2,5,1,2,5,4,4,5,0,4,4,5,0,4,4,5,0,0,1,1,1,1,2,2,8,8,8,8,8,8,8,8,8,3,5,1,1,5,1,5,4,4,5,1,1,2,2,2,2,2,2,2,0,3,0,0,2,3,2,4,2
1,4,4,5,3,4,4,5,1,4,4,5,1,4,4,5,3,4,5,0,0,0,2,2,3,3,4,4,5,3,4,4,5,1,4,4,5,3,4,5,3,4,5,0,2,2,2,2,2,1,1,4,4,5,2,4,4,5,1,4,4,4,5,0,2,4,4,5,2,4,4,4,5,0,0,3,3,3,2,2,4,4,4,5,0,4,4,4,5,0,3,4,4,4,5,1,3,3,3,4,4,5,0,3,3,4,4,4,5,1,1,2,2,2,2,1,1,3,3,3,4,5,3,4,5,3,3,4,5,1,4,5,3,4,5,1,1,1,1,1,1,1,3,3,0,0,0,0,0,2,2,2,8,8,8,8,8,8,8,8,8,1,1,1,1,1,3,3,3,3,3,4,4,4,5,3,4,4,4,5,0,0,4,4,4,5,0,0,0,4,4,5,3,4,4,4,5,1,1,1,1,1,2,2,2,0,4,4,5,1,1,3,4,4,4,5,2,2,2,4,5,1,1,3,4,4,4,5,2,2,2,4,4,4,5,1,2,4,4,5,0,0,0,0,3,3,3,3,3,0,0,2,2,4,5,0,4,5,0,4,5,2,4,5,1,4,5,1,1,1,3,3,3
"""

You are playing: MyStrategy
You won this match
Your game win count:       25
Opponent game win count:    5
Put the 4 lines between the """ characters in a file to watch a replay
You are the blue player in the closest scoring round replay from this match:
"""
24
1649738100731
3,4,4,4,5,1,1,3,4,4,4,5,3,0,3,4,4,4,5,1,1,3,1,1,4,4,4,5,2,1,2,1,4,4,5,0,2,2,2,0,0,0,0,0,0,1,1,1,2,1,2,1,1,2,2,2,8,8,8,8,2,1,1,1,4,4,4,5,0,3,3,3,3,3,4,4,4,5,3,3,3,3,4,4,4,5,3,1,4,4,4,5,1,4,4,4,5,0,0,0,0,0,2,2,2,2,0,0,0,0,0,1,1,1,1,2,1,2,2,1,2,2,8,8,8,8,1,3,3,4,4,5,3,4,4,5,1,1,4,4,5,1,1,4,4,5,1,4,4,5,2,2,2,2,2,2,2,2,2,2,0,0,0,3,3,0,0,3,3,3,3,3,8,8,8,1,1,1,4,5,1,4,5,1,4,5,0,2,4,5,0,4,5,1,1,2,2,2,2,2,3,3,3,3,3,0,0,3,0,0,0,8,8,8,0,0,0,0,0,0,4,4,4,5,0,0,0,0,0,4,4,4,5,2,0,4,4,4,5,2,4,4,4,5,1,2,4,4,4,5,1,3,1,1,3,1,3,3,3,3,3,3,3,2,2,2,2,2,1,1,1,1,1,1,8,8,8,8,0,2,0,0,0,0,0,4,4,5,0,4,4,5,1,3,3,4,4,5,3,4,4,5,1,4,4,5,0,3,3,3,1,2,2,1,2,2,1,2,1,1,1,8,8,8,1,2,2,2,2,1,1,1,1,1,4,4,4,5,1,1,1,4,4,4,5,1,4,4,4,5,3,0,4,4,4,5,3,4,4,4,5,0,0,2,2,0,2,2,2,0,3,3,3,3,0,0,3,3,0,0,8,8,8,8,2,2,2,2,2,2,4,4,5,0,4,4,5,0,0,4,4,5,2,1,2,1,4,4,5,1,4,4,5,3,1,1,3,1,1,1,0,0,3,0,0,3,0,3,3,3,3,8,8,8,2,2,2,2,2,2,2,2,2,4,4,4,5,0,0,2,4,4,4,5,1,1,1,1,4,4,4,5,2,0,4,4,4,5,3,3,3,1,1,1,1,4,4
3,4,5,0,4,4,5,0,4,4,4,5,3,4,4,4,5,0,2,4,4,4,5,1,1,1,2,1,1,4,4,5,1,4,4,5,3,4,4,5,3,4,5,3,4,5,0,0,0,2,2,2,1,3,3,4,4,5,1,3,4,5,3,4,5,1,4,5,3,3,4,5,0,0,0,2,2,2,2,2,2,0,0,2,4,4,4,5,1,2,4,4,4,5,1,1,4,4,4,5,1,2,4,4,4,5,1,4,4,4,5,0,0,0,3,3,3,2,2,2,4,4,4,5,1,1,2,4,4,4,5,1,4,4,4,5,1,3,4,4,4,5,1,1,4,4,5,0,0,1,1,3,3,3,3,3,3,3,3,3,8,8,8,8,8,8,8,8,8,1,1,1,1,1,1,3,3,3,3,3,3,2,4,5,1,1,4,4,4,5,2,4,4,5,0,4,4,5,0,0,2,4,4,5,1,3,3,3,0,0,3,4,4,5,3,4,4,5,0,0,4,4,5,2,4,5,1,4,4,5,1,1,1,2,2,2,2,2,4,5,2,4,4,5,0,0,3,4,5,3,4,5,0,4,5,1,1,1,3,3,3,0,0,0,0,2,2,4,5,2,4,5,1,2,4,5,2,4,5,2,2,4,5,1,1,1,3,3,3,3,3,0,0,0,0,0,0,2,2,2,8,8,8,8,8,8,8,8,8,1,1,1,1,1,1,3,3,3,3,3,0,0,0,0,0,0,2,4,5,0,4,5,0,4,5,2,4,5,1,4,5,1,1,1,1,1,1,1,3,3,1,1,1,2,2,2,2,4,4,5,2,2,4,4,5,1,4,5,1,4,4,4,5,0,0,0,0,0,0,2,2,4,5,1,3,3,3,3,3,3,3,3,0,0,0,0,3,3,3,3,4,5,0,0,3,2,2,2,2,2,2,2,2,2,2,8,8,8,8,8,8,8,8,8,3,3,3,4,5,0,2,4,5,0,2,4,5,0,4,5,0,0,0,2,2,2,2,2,2,2,2,1,1,1,1,3,4,5,3,4,5,3,4,5,1,4,5,2,4,5,0,0,0,0,0,2,2
"""

You are playing: Dominic
You lost this match
Your game win count:        4
Opponent game win count:   26
Put the 4 lines between the """ characters in a file to watch a replay
You are the blue player in the closest scoring round replay from this match:
"""
24
1649738128830
2,0,4,4,4,5,3,0,4,4,4,5,0,4,4,4,5,2,2,2,4,4,4,5,2,2,4,4,4,5,3,3,3,3,3,1,1,1,2,2,4,4,5,2,4,4,5,2,1,4,5,2,4,5,1,4,5,3,3,3,3,3,0,0,3,1,4,4,5,3,1,4,4,4,5,3,4,4,4,5,1,1,4,4,4,5,1,4,4,4,5,2,2,2,0,0,0,0,0,2,2,1,4,4,5,1,4,4,5,1,4,5,2,4,5,2,4,5,3,3,3,3,0,0,0,2,2,0,2,2,2,1,1,1,1,1,1,1,8,8,8,8,8,8,8,8,8,1,1,1,4,4,4,5,2,2,4,5,1,4,4,4,5,2,2,1,4,4,5,1,4,4,5,2,2,2,2,0,0,4,4,5,2,0,4,4,5,3,3,4,4,5,0,4,4,5,3,4,5,2,2,1,1,1,1,2,0,4,4,4,5,2,4,4,4,5,2,4,4,4,5,2,4,4,4,5,0,0,4,4,4,5,3,3,3,3,1,1,1,3,3,0,4,4,5,0,0,4,5,3,4,5,1,4,5,3,4,5,2,2,2,2,1,1,3,1,1,4,4,4,5,1,1,4,4,4,5,3,3,0,4,4,4,5,0,4,4,5,0,4,4,5,2,3,3,3,3,0,0,0,0,0,0,8,8,8,8,8,8,8,8,8,2,2,2,2,2,2,1,1,1,1,1,3,3,3,4,4,5,3,1,1,4,4,5,1,4,4,4,5,3,3,1,4,4,4,5,0,0,0,0,0,0,0,0,0,0,2,0,0,0,4,5,2,2,2,2,2,1,1,0,0,0,0,0,0,4,4,5,3,4,5,0,4,5,0,4,5,2,1,4,4,5,1,1,1,1,1,1,1,2,2,2,2,2,0,0,0,4,4,4,5,0,4,4,4,5,3,0,0,3,3,3,3,3,3,3,3,3,3,8,8,8,8,8,8,8,8,8,2,2,2,2,4,5,0,4,5,1,1,4,5
0,4,4,4,5,0,4,5,3,4,4,4,5,1,3,3,3,4,4,5,3,4,4,5,1,2,2,2,2,2,3,3,3,4,4,5,3,4,4,5,3,4,4,5,1,4,5,3,4,5,0,2,2,2,2,2,2,1,3,3,4,4,5,3,4,4,5,3,4,5,1,4,5,3,4,5,0,0,2,2,2,2,2,1,1,3,4,4,5,3,3,4,5,1,4,5,3,4,5,3,4,5,0,0,0,2,2,2,2,2,1,1,1,3,3,4,5,1,4,5,3,4,5,1,4,5,1,4,5,0,0,0,0,0,1,1,1,1,1,3,3,3,8,8,8,8,8,8,8,8,8,1,1,1,1,1,1,3,3,3,3,3,3,3,3,4,4,4,5,0,3,4,4,4,5,0,4,4,4,5,2,4,4,4,5,2,4,4,5,1,1,2,2,2,4,4,5,0,4,4,5,0,4,4,5,0,4,4,5,0,4,4,4,5,1,1,1,1,3,3,2,2,2,4,4,5,0,2,4,4,5,0,4,5,0,4,5,3,4,5,1,1,1,3,3,3,0,0,0,0,4,5,3,4,4,5,3,4,5,3,4,4,4,5,3,4,4,4,5,1,1,1,1,2,2,2,2,0,0,0,0,2,4,5,0,4,5,0,3,4,4,5,3,4,4,5,3,2,2,2,2,2,2,2,8,8,8,8,8,8,8,8,8,3,3,4,5,1,1,1,1,1,1,3,3,3,1,1,1,2,2,4,4,4,5,1,2,4,4,4,5,2,2,2,2,2,0,0,0,2,4,4,5,0,4,5,0,4,5,1,3,3,3,3,3,3,0,0,0,0,0,0,0,4,4,5,2,4,5,0,4,5,1,2,4,5,1,4,5,1,1,1,1,1,1,3,3,0,0,0,0,2,2,2,4,5,2,4,5,1,1,2,4,5,0,2,2,4,5,2,4,5,1,1,1,3,3,3,0,0,0,0,0,8,8,8,8,8,8,8,8,8,1,1,1,1,1,3,3,3,3,3
"""

You are playing: PICK-UP ARTIST
You won this match
Your game win count:       25
Opponent game win count:    5
Put the 4 lines between the """ characters in a file to watch a replay
You are the blue player in the closest scoring round replay from this match:
"""
24
1649738165669
8,2,1,4,4,5,1,4,4,5,1,4,5,2,4,4,5,2,4,4,5,3,3,3,0,0,0,8,2,2,4,4,5,0,4,4,5,2,2,1,4,4,5,1,4,5,2,4,5,3,3,3,3,3,0,8,2,2,2,1,4,5,2,1,4,5,2,4,4,4,5,2,4,5,0,4,5,3,3,3,3,3,3,0,8,2,1,1,1,1,4,5,2,4,5,2,4,5,1,4,5,1,4,4,5,3,3,3,0,0,0,0,0,0,8,3,4,4,4,5,1,4,4,5,2,2,0,0,0,0,2,2,2,2,1,1,1,1,1,1,1,1,1,1,1,1,1,1,1,1,1,1,1,1,1,1,1,8,8,8,8,8,8,8,8,8,8,2,2,2,1,1,4,5,3,1,4,4,5,3,3,4,5,2,2,2,2,2,2,2,1,1,1,8,2,0,4,4,5,2,4,4,4,5,2,1,4,4,4,5,2,0,4,4,4,5,0,4,4,4,5,3,3,3,3,1,1,8,3,3,0,4,4,5,0,4,4,5,3,4,5,3,4,5,1,4,5,2,2,2,2,1,8,3,3,0,0,0,4,5,3,4,5,2,0,4,5,2,4,4,5,2,2,4,4,5,3,1,1,1,1,8,3,3,3,3,4,4,5,3,4,4,5,0,4,5,3,4,5,0,0,0,0,0,0,0,0,0,0,0,0,0,0,0,0,0,0,0,0,0,0,0,0,0,0,0,0,0,0,0,0,0,0,0,0,0,0,0,0,0,0,0,0,0,0,0,0,0,0,0,0,0,0,0,0,0,0,0,0,0,0,0,0,0,0,0,0,0,0,0,0,0,0,0,0,0,0,0,0,0,0,0,0,0,0,0,0,0,0,0,0,0,0,0,0,0,0,0,0,0,0,0,0,0,0,0,0,0,0,0,0,0,0,0,0,0,0,0,0,0,0,0,0,0,0,0,0,0,0,0,0,0,0,0,0,0,0,0,0,0,0,0,0,0,0,0,0,0,0,0,0,0,0,0,0,0,0,0,0,0,0,0,0,0,0,0,0,0,0,0,0,0,0,0,0,0,0,0,0,0,0,0,0,0,0,0,0,0,0,0,0,0,0,0,0,0,0,0,0,0,0,0,0,0,0,0,0,0,0,0,0,0,0,0,0,0,0,0,0,0,0,0,0,0,0,0,0,0,0,0,0,0,0,0,0,0,0,0,0,0,0,0,0,0,0,0,0,0,0,0,0,0,0,0,0,0,0,0,0,0,0,0,0,0,0,0,0,0,0,0,0,0,0,0,0,0,0,0,0,0,0,0,0,0,0,0,0,0,0,0,0,0,0,0,0,0,0,0,0,0,0,0,0,0,0,0,0,0,0,0,0,0,0,0,0,0,0,0,0,0,0,0,0,0,0,0,0,0,0,0,0,0,0,0,0,0,0,0,0,0,0,0,0,0,0,0,0,0,0,0,0,0,0,0,0,0,0,0,0,0,0,0,0,0,0,0,0,0,0,0,0,0,0,0,0,0,0,0,0,0,0,0,0,0,0,0,0,0,0,0,0,0,0,0,0,0,0,0,0,0,0,0,0,0,0,0,0,0,0,0,0,0,0,0,0,0,0,0,0,0,0,0,0,0,0,0,0,0,0,0,0,0,0,0,0,0,0,0,0,0,0,0,0,0,0,0,0,0,0,0,0,0,0,0,0,0,0,0,0,0,0,0,0,0,0,0,0,0,0,0,0,0,0,0,0,0,0,0,0,0,0,0,0,0,0,0,0,0,0,0,0,0,0,0,0,0,0,0,0,0,0,0,0,0,0,0,0,0,0,0,0,0,0,0,0,0,0,0,0,0,0,0,0,0,0,0,0,0,0,0,0,0,0,0,0,0,0,0,0,0,0,0,0,0,0,0,0,0,0,0,0,0,0,0,0,0,0,0,0,0,0,0,0,0,0,0,0,0,0,0,0,0,0,0,0,0,0,0,0,0,0,0,0,0,0,0,0,0,0,0,0,0,0,0,0,0,0,0,0,0,0,0,0,0,0,0,0,0,0,0,0,0,0,0,0,0,0,0,0,0,0,0,0,0,0,0,0,0,0,0,0,0,0,0,0,0,0,0,0,0,0,0,0,0,0,0,0,0,0,0,0,0,0,0,0,0,0,0,0,0,0,0,0,0,0,0,0,0,0,0,0,0,0,0,0,0,0,0,0,0,0,0,0,0,0,0,0,0,0,0,0,0,0,0,0,0,0,0,0,0
3,4,4,5,3,4,4,5,1,4,4,5,3,4,4,5,1,4,5,0,0,2,2,2,1,4,4,5,3,4,5,1,3,4,5,1,4,4,5,3,4,5,0,0,0,2,2,2,0,4,4,5,0,0,4,4,4,5,3,3,3,3,4,4,5,0,4,4,4,5,3,3,4,4,4,5,1,1,1,1,2,2,2,2,2,2,1,1,1,4,4,5,3,4,4,5,1,3,4,5,3,4,5,1,4,5,0,0,0,0,0,2,2,2,2,2,2,4,4,4,5,1,4,4,4,5,0,0,1,1,1,1,1,1,1,3,3,3,3,3,3,3,3,3,8,8,8,8,8,8,8,8,8,2,2,2,4,5,1,4,5,1,4,5,0,0,0,0,0,0,0,0,2,2,2,3,3,3,3,4,4,5,3,4,4,5,1,4,4,5,0,0,4,4,5,3,3,4,4,5,1,2,2,2,2,2,2,2,0,3,3,3,4,4,5,0,3,3,3,4,4,5,3,4,4,5,0,0,4,4,4,5,1,2,4,4,4,5,1,1,1,2,2,2,2,2,2,1,1,1,1,4,4,5,1,3,4,5,3,4,5,1,4,5,1,4,4,4,5,0,0,0,0,0,0,1,1,1,1,1,3,3,3,3,8,8,8,8,8,8,8,8,8,1,1,1,1,1,1,1,1,1,1,1,1,1,1,1,1,1,1,1,1,1,1,1,1,1,1,1,1,1,1,1,1,1,1,1,1,1,1,1,1,1,1,1,1,1,1,1,1,1,1,1,1,1,1,1,1,1,1,1,1,1,1,1,1,1,1,1,1,1,1,1,1,1,1,1,1,1,1,1,1,1,1,1,1,1,1,1,1,1,1,1,1,1,1,1,1,1,1,1,1,1,1,1,1,1,1,1,1,1,1,1,1,1,1,1,1,1,1,1,1,1,1,1,1,1,1,1,1,1,1,1,1,1,1,1,1,1,1,1,1,1,1,1,1,1,1,1,1,1,1,1,1,1,1,1,1,1,1,1,1,1,1,1,1,1,1,1,1,1,1,1,1,1,1,1,1,1,1,1,1,1,1,1,1,1,1,1,1,1,1,1,1,1,1,1,1,1,1,1,1,1,1,1,1,1,1,1,1,1,1,1,1,1,1,1,1,1,1,1,1,1,1,1,1,1,1,1,1,1,1,1,1,1,1,1,1,1,1,1,1,1,1,1,1,1,1,1,1,1,1,1,1,1,1,1,1,1,1,1,1,1,1,1,1,1,1,1,1,1,1,1,1,1,1,1,1,1,1,1,1,1,1,1,1,1,1,1,1,1,1,1,1,1,1,1,1,1,1,1,1,1,1,1,1,1,1,1,1,1,1,1,1,1,1,1,1,1,1,1,1,1,1,1,1,1,1,1,1,1,1,1,1,1,1,1,1,1,1,1,1,1,1,1,1,1,1,1,1,1,1,1,1,1,1,1,1,1,1,1,1,1,1,1,1,1,1,1,1,1,1,1,1,1,1,1,1,1,1,1,1,1,1,1,1,1,1,1,1,1,1,1,1,1,1,1,1,1,1,1,1,1,1,1,1,1,1,1,1,1,1,1,1,1,1,1,1,1,1,1,1,1,1,1,1,1,1,1,1,1,1,1,1,1,1,1,1,1,1,1,1,1,1,1,1,1,1,1,1,1,1,1,1,1,1,1,1,1,1,1,1,1,1,1,1,1,1,1,1,1,1,1,1,1,1,1,1,1,1,1,1,1,1,1,1,1,1,1,1,1,1,1,1,1,1,1,1,1,1,1,1,1,1,1,1,1,1,1,1,1,1,1,1,1,1,1,1,1,1,1,1,1,1,1,1,1,1,1,1,1,1,1,1,1,1,1,1,1,1,1,1,1,1,1,1,1,1,1,1,1,1,1,1,1,1,1,1,1,1,1,1,1,1,1,1,1,1,1,1,1,1,1,1,1,1,1,1,1,1,1,1,1,1,1,1,1,1,1,1,1,1,1,1,1,1,1,1,1,1,1,1,1,1,1,1,1,1,1,1,1,1,1,1,1,1,1,1,1,1,1,1,1,1,1,1,1,1,1,1,1,1,1,1,1,1,1,1,1,1,1,1,1,1,1,1,1,1,1,1,1,1,1,1,1,1,1,1,1,1,1,1,1,1,1,1,1,1,1,1,1,1,1,1,1,1,1,1,1,1,1,1,1,1,1,1,1,1,1,1,1,1,1,1,1,1,1,1,1,1,1,1,1,1,1,1,1,1,1
"""

You are playing: JoJoBizarreStrategy
You lost this match
Your game win count:        7
Opponent game win count:   23
Put the 4 lines between the """ characters in a file to watch a replay
You are the blue player in the closest scoring round replay from this match:
"""
24
1649738199609
3,1,4,4,4,5,1,4,4,5,2,1,4,4,5,1,4,4,5,2,4,4,5,3,0,0,0,0,2,2,4,4,5,2,4,5,3,1,4,4,5,1,4,4,5,1,4,5,3,3,0,0,0,0,0,0,4,4,4,5,2,1,4,4,4,5,2,0,4,4,4,5,0,4,4,4,5,2,4,4,5,3,3,3,1,1,1,1,2,2,0,4,4,5,2,2,2,4,4,5,1,4,4,5,1,4,5,1,4,4,4,5,3,3,3,3,3,0,0,3,3,3,1,4,5,3,1,1,4,4,4,5,1,1,1,2,2,2,2,2,2,2,2,2,4,4,4,4,4,4,4,4,4,3,3,4,5,3,4,4,4,5,3,4,5,3,0,0,0,0,0,0,2,2,2,1,1,4,4,5,1,4,5,1,4,4,4,5,3,4,5,1,4,5,3,3,0,0,0,0,0,2,2,2,2,1,4,4,5,1,4,5,1,4,5,2,4,5,2,4,5,3,3,3,3,3,3,0,0,0,2,1,1,1,1,1,4,5,2,2,4,5,1,1,4,5,3,4,5,2,1,4,5,3,3,3,0,0,0,0,0,2,2,2,2,2,1,1,1,4,4,4,4,4,4,4,4,4,3,3,3,3,3,0,0,0,0,0,0,3,3,1,1,1,1,4,4,5,1,1,4,4,5,2,4,4,5,0,4,4,5,3,3,3,1,4,4,4,5,2,2,2,2,0,0,0,0,0,0,2,2,2,2,2,2,1,4,5,2,4,5,1,4,4,5,2,4,5,3,3,4,4,5,3,3,3,3,3,3,0,0,2,2,2,2,0,0,0,0,4,4,4,5,0,4,4,4,5,2,2,1,1,1,1,1,1,1,1,1,1,1,4,4,4,4,4,4,4,4,4,2,2,2,4,4,4,5,0,4,5,0,4,5,2,2,2,1,1,1,1,1,1,1,1,1,4,4,5,3,4,4,5,1,4,4,4,5,1,4,4,4,5,3,3,4,4,4,5,2,2,2,0,0,0,2,2
3,4,4,5,3,4,4,5,3,4,4,5,1,4,4,5,1,4,5,0,0,2,2,2,2,4,4,4,5,0,0,3,4,4,4,5,0,4,4,4,5,3,4,4,4,5,2,2,4,4,4,5,1,1,1,3,1,1,1,4,4,5,2,4,4,4,5,1,2,4,4,5,2,4,4,4,5,1,1,1,4,4,5,0,0,0,0,0,0,0,3,3,3,0,3,3,3,4,4,5,3,4,4,5,3,3,4,4,5,0,4,4,5,2,4,4,5,1,1,2,2,2,2,2,1,1,3,3,4,4,5,1,4,4,5,3,4,5,3,4,5,3,4,5,0,0,0,2,2,1,1,1,1,1,1,3,3,3,8,8,8,8,8,8,8,8,8,1,1,1,1,1,1,3,3,3,3,3,3,1,2,4,4,5,1,1,4,4,4,5,2,4,4,4,5,1,4,4,4,5,2,4,4,4,5,0,0,0,0,3,3,3,0,0,0,4,4,5,2,4,5,1,4,4,5,0,0,4,5,0,4,5,1,1,1,1,1,3,2,2,2,2,4,4,5,1,4,4,5,1,1,4,5,1,4,4,4,5,2,4,4,4,5,0,0,0,0,3,3,3,3,3,0,0,2,2,2,4,5,0,4,5,2,4,5,2,4,5,1,4,4,4,5,1,1,3,3,3,0,0,0,0,0,0,2,2,2,8,8,8,8,8,8,8,8,8,1,1,1,1,1,1,3,3,3,3,3,0,2,2,2,2,2,4,5,2,4,5,0,4,5,2,4,5,1,4,5,1,3,3,3,3,3,3,3,0,0,0,0,3,3,3,4,4,4,5,0,3,3,4,4,4,5,2,2,2,2,2,2,2,2,2,2,8,8,8,8,8,2,2,2,2,4,4,4,5,1,4,4,5,1,4,5,1,1,1,3,3,3,3,3,3,3,3,3,1,1,1,2,2,2,2,2,4,4,5,1,2,4,4,4,5,1,4,4,4,5,0,0,0,4,4,5,2,4,4,5,0,0,3,3,3,3,3,3,3
"""

You are playing: CompetitionStrategy
You lost this match
Your game win count:       12
Opponent game win count:   18
Put the 4 lines between the """ characters in a file to watch a replay
You are the red player in the closest scoring round replay from this match:
"""
20
1649738224091
3,4,4,4,5,1,4,4,4,5,2,4,4,5,1,2,4,4,5,2,4,5,0,0,3,3,2,4,4,5,0,4,4,5,2,4,4,5,1,4,5,1,4,4,5,0,3,3,0,3,4,4,5,2,2,2,2,4,5,0,4,4,5,2,4,4,5,0,4,4,4,5,1,1,1,3,3,3,3,2,2,2,2,4,4,5,1,1,4,5,3,4,5,1,4,5,3,4,5,0,0,0,3,3,1,1,3,3,3,4,4,4,5,1,3,4,4,4,5,1,1,1,1,4,4,4,5,2,2,4,4,4,5,0,4,4,5,0,0,0,0,0,0,1,1,1,1,1,2,2,2,2,2,2,2,2,2,2,2,2,2,2,2,2,2,2,2,2,2,2,2,2,2,2,2,2,2,2,2,2,2,2,2,2,2,2,2,2,2,2,2,2,2,2,2,2,2,2,2,2,2,2,2,2,2,2,2,2,2,2,2,2,2,2,2,2,2,2,2,2,2,2,2,2,2,2,2,2,2,2,2,2,2,2,2,2,2,2,2,2,2,2,2,2,2,2,2,2,2,2,2,2,2,2,2,2,2,2,2,2,2,2,2,2,2,2,2,2,2,2,2,2,2,2,2,2,2,2,2,2,2,2,2,2,2,2,2,2,2,2,2,2,2,2,2,2,2,2,2,2,2,2,2,2,2,2,2,2,2,2,2,2,2,2,2,2,2,2,2,2,2,2,2,2,2,2,2,2,2,2,2,2,2,2,2,2,2,2,2,2,2,2,2,2,2,2,2,2,2,2,2,2,2,2,2,2,2,2,2,2,2,2,2,2,2,2,2,2,2,2,2,2,2,2,2,2,2,2,2,2,2,2,2,2,2,2,2,2,2,2,2,2,2,2,2,2,2,2,2,2,2,2,2,2,2,2,2,2,2,2,2,2,2,2,2,2,2,2,2,2,2,2,2,2,2,2,2,2,2,2,2,2,2,2,2,2,2,2,2,2,2,2,2,2,2,2,2,2,2,2,2,2,2,2,2,2,2,2,2,2,2,2,2,2,2,2,2,2,2,2,2,2,2,2,2,2,2,2,2,2,2,2,2,2,2,2,2,2,2,2,2,2,2,2,2,2,2,2,2,2,2,2,2,2,2,2,2,2,2,2,2,2,2,2,2,2,2,2,2,2,2,2,2,2,2,2,2,2,2,2,2,2,2,2,2,2,2,2,2,2,2,2,2,2,2,2,2,2,2,2,2,2,2,2,2,2,2,2,2,2,2,2,2,2,2,2,2,2,2,2,2,2,2,2,2,2,2,2,2,2,2,2,2,2,2,2,2,2,2,2,2,2,2,2,2,2,2,2,2,2,2,2,2,2,2,2,2,2,2,2,2,2,2,2,2,2,2,2,2,2,2,2,2,2,2,2,2,2,2,2,2,2,2,2,2,2,2,2,2,2,2,2,2,2,2,2,2,2,2,2,2,2,2,2,2,2,2,2,2,2,2,2,2,2,2,2,2,2,2,2,2,2,2,2,2,2,2,2,2,2,2,2,2,2,2,2,2,2,2,2,2,2,2,2,2,2,2,2,2,2,2,2,2,2,2,2,2,2,2,2,2,2,2,2,2,2,2,2,2,2,2,2,2,2,2,2,2,2,2,2,2,2,2,2,2,2,2,2,2,2,2,2,2,2,2,2,2,2,2,2,2,2,2,2,2,2,2,2,2,2,2,2,2,2,2,2,2,2,2,2,2,2,2,2,2,2,2,2,2,2,2,2,2,2,2,2,2,2,2,2,2,2,2,2,2,2,2,2,2,2,2,2,2,2,2,2,2,2,2,2,2,2,2,2,2,2,2,2,2,2,2,2,2,2,2,2,2,2,2,2,2,2,2,2,2,2,2,2,2,2,2,2,2,2,2,2,2,2,2,2,2,2,2,2,2,2,2,2,2,2,2,2,2,2,2,2,2,2,2,2,2,2,2,2,2,2,2,2,2,2,2,2,2,2,2,2,2,2,2,2,2,2,2,2,2,2,2,2,2,2,2,2,2,2,2,2,2,2,2,2,2,2,2,2,2,2,2,2,2,2,2,2,2,2,2,2,2,2,2,2,2,2,2,2,2,2,2,2,2,2,2,2,2,2,2,2,2,2,2,2,2,2,2,2,2,2,2,2,2,2,2,2,2,2,2,2,2,2,2,2,2,2,2,2,2,2,2,2,2,2,2,2,2,2,2,2,2,2,2,2,2,2,2,2,2,2,2,2,2,2
3,3,4,4,5,3,3,4,4,5,1,4,4,4,5,3,4,5,1,4,5,2,2,2,2,2,0,0,3,1,1,4,4,5,3,4,4,5,3,4,5,3,4,5,1,4,5,2,2,2,2,0,0,0,3,0,0,4,4,4,5,3,4,5,3,0,4,4,4,5,3,4,5,3,4,4,4,5,2,2,2,2,2,1,1,1,3,3,3,1,4,4,5,1,1,4,4,4,5,1,4,5,2,4,5,1,4,5,2,2,0,0,0,0,0,2,2,2,1,4,4,4,5,3,3,3,3,3,3,3,3,1,1,1,1,8,8,8,8,8,8,8,8,8,3,3,4,4,4,5,3,4,5,3,3,3,3,3,3,3,3,3,3,3,3,3,3,3,3,3,3,3,3,3,3,3,3,3,3,3,3,3,3,3,3,3,3,3,3,3,3,3,3,3,3,3,3,3,3,3,3,3,3,3,3,3,3,3,3,3,3,3,3,3,3,3,3,3,3,3,3,3,3,3,3,3,3,3,3,3,3,3,3,3,3,3,3,3,3,3,3,3,3,3,3,3,3,3,3,3,3,3,3,3,3,3,3,3,3,3,3,3,3,3,3,3,3,3,3,3,3,3,3,3,3,3,3,3,3,3,3,3,3,3,3,3,3,3,3,3,3,3,3,3,3,3,3,3,3,3,3,3,3,3,3,3,3,3,3,3,3,3,3,3,3,3,3,3,3,3,3,3,3,3,3,3,3,3,3,3,3,3,3,3,3,3,3,3,3,3,3,3,3,3,3,3,3,3,3,3,3,3,3,3,3,3,3,3,3,3,3,3,3,3,3,3,3,3,3,3,3,3,3,3,3,3,3,3,3,3,3,3,3,3,3,3,3,3,3,3,3,3,3,3,3,3,3,3,3,3,3,3,3,3,3,3,3,3,3,3,3,3,3,3,3,3,3,3,3,3,3,3,3,3,3,3,3,3,3,3,3,3,3,3,3,3,3,3,3,3,3,3,3,3,3,3,3,3,3,3,3,3,3,3,3,3,3,3,3,3,3,3,3,3,3,3,3,3,3,3,3,3,3,3,3,3,3,3,3,3,3,3,3,3,3,3,3,3,3,3,3,3,3,3,3,3,3,3,3,3,3,3,3,3,3,3,3,3,3,3,3,3,3,3,3,3,3,3,3,3,3,3,3,3,3,3,3,3,3,3,3,3,3,3,3,3,3,3,3,3,3,3,3,3,3,3,3,3,3,3,3,3,3,3,3,3,3,3,3,3,3,3,3,3,3,3,3,3,3,3,3,3,3,3,3,3,3,3,3,3,3,3,3,3,3,3,3,3,3,3,3,3,3,3,3,3,3,3,3,3,3,3,3,3,3,3,3,3,3,3,3,3,3,3,3,3,3,3,3,3,3,3,3,3,3,3,3,3,3,3,3,3,3,3,3,3,3,3,3,3,3,3,3,3,3,3,3,3,3,3,3,3,3,3,3,3,3,3,3,3,3,3,3,3,3,3,3,3,3,3,3,3,3,3,3,3,3,3,3,3,3,3,3,3,3,3,3,3,3,3,3,3,3,3,3,3,3,3,3,3,3,3,3,3,3,3,3,3,3,3,3,3,3,3,3,3,3,3,3,3,3,3,3,3,3,3,3,3,3,3,3,3,3,3,3,3,3,3,3,3,3,3,3,3,3,3,3,3,3,3,3,3,3,3,3,3,3,3,3,3,3,3,3,3,3,3,3,3,3,3,3,3,3,3,3,3,3,3,3,3,3,3,3,3,3,3,3,3,3,3,3,3,3,3,3,3,3,3,3,3,3,3,3,3,3,3,3,3,3,3,3,3,3,3,3,3,3,3,3,3,3,3,3,3,3,3,3,3,3,3,3,3,3,3,3,3,3,3,3,3,3,3,3,3,3,3,3,3,3,3,3,3,3,3,3,3,3,3,3,3,3,3,3,3,3,3,3,3,3,3,3,3,3,3,3,3,3,3,3,3,3,3,3,3,3,3,3,3,3,3,3,3,3,3,3,3,3,3,3,3,3,3,3,3,3,3,3,3,3,3,3,3,3,3,3,3,3,3,3,3,3,3,3,3,3,3,3,3,3,3,3,3,3,3,3,3,3,3,3,3,3,3,3,3,3,3,3,3,3,3,3,3,3,3,3,3,3,3,3,3,3,3,3,3,3,3,3,3,3,3,3,3,3,3,3,3,3,3,3,3,3,3,3,3,3,3,3,3,3,3,3,3,3,3,3,3,3,3,3,3
"""

You are playing: okplshelp
You won this match
Your game win count:       30
Opponent game win count:    0
Put the 4 lines between the """ characters in a file to watch a replay
You are the red player in the closest scoring round replay from this match:
"""
20
1649738248827
1,4,4,5,3,4,4,4,5,1,3,4,4,5,1,1,3,4,4,4,5,1,2,4,4,5,0,0,0,0,0,2,2,0,4,4,4,5,0,4,4,4,5,1,2,4,4,5,2,4,4,4,5,1,4,4,5,3,3,1,1,1,1,4,4,5,2,4,5,1,4,4,5,1,4,4,4,5,3,4,4,5,0,0,0,0,0,0,0,2,2,2,4,4,4,5,0,4,4,4,5,2,2,4,4,5,0,4,4,4,5,1,2,4,4,5,1,1,3,3,3,3,3,3,2,2,2,2,4,4,5,2,4,4,5,1,4,5,1,4,5,3,4,5,0,0,3,3,3,3,1,1,1,1,1,2,2,2,2,8,8,8,8,8,8,8,8,8,3,3,4,5,0,4,5,0,4,5,2,4,4,4,5,1,4,5,0,0,0,0,3,3,3,1,1,2,2,2,4,5,2,2,2,4,5,2,4,5,1,4,5,1,4,5,1,1,1,1,1,1,2,2,2,0,3,4,4,5,0,4,4,5,3,3,4,4,4,5,3,4,5,3,4,5,1,1,2,2,2,2,2,1,1,1,1,1,1,1,1,1,1,1,1,1,1,1,1,1,1,1,1,1,1,1,1,1,1,1,1,1,1,1,1,1,1,1,1,1,1,1,1,1,1,1,1,1,1,1,1,1,1,1,1,1,1,1,1,1,1,1,1,1,1,1,1,1,1,1,1,1,1,1,1,1,1,1,1,1,1,1,1,1,1,1,1,1,1,1,1,1,1,1,1,1,1,1,1,1,1,1,1,1,1,1,1,1,1,1,1,1,1,1,1,1,1,1,1,1,1,1,1,1,1,1,1,1,1,1,1,1,1,1,1,1,1,1,1,1,1,1,1,1,1,1,1,1,1,1,1,1,1,1,1,1,1,1,1,1,1,1,1,1,1,1,1,1,1,1,1,1,1,1,1,1,1,1,1,1,1,1,1,1,1,1,1,1,1,1,1,1,1,1,1,1,1,1,1,1,1,1,1,1,1,1,1,1,1,1,1,1,1,1,1,1,1,1,1,1,1,1,1,1,1,1,1,1,1,1,1,1,1,1,1,1,1,1,1,1,1,1,1,1,1,1,1,1,1,1,1,1,1,1,1,1,1,1,1,1,1,1,1,1,1,1,1,1,1,1,1,1,1,1,1,1,1,1,1,1,1,1,1,1,1,1,1,1,1,1,1,1,1,1,1,1,1,1,1,1,1,1,1,1,1,1,1,1,1,1,1,1,1,1,1,1,1,1,1,1,1,1,1,1,1,1,1,1,1,1,1,1,1,1,1,1,1,1,1,1,1,1,1,1,1,1,1,1,1,1,1,1,1,1,1,1,1,1,1,1,1,1,1,1,1,1,1,1,1,1,1,1,1,1,1,1,1,1,1,1,1,1,1,1,1,1,1,1,1,1,1,1,1,1,1,1,1,1,1,1,1,1,1,1,1,1,1,1,1,1,1,1,1,1,1,1,1,1,1,1,1,1,1,1,1,1,1,1,1,1,1,1,1,1,1,1,1,1,1,1,1,1,1,1,1,1,1,1,1,1,1,1,1,1,1,1,1,1,1,1,1,1,1,1,1,1,1,1,1,1,1,1,1,1,1,1,1,1,1,1,1,1,1,1,1,1,1,1,1,1,1,1,1,1,1,1,1,1,1,1,1,1,1,1,1,1,1,1,1,1,1,1,1,1,1,1,1,1,1,1,1,1,1,1,1,1,1,1,1,1,1,1,1,1,1,1,1,1,1,1,1,1,1,1,1,1,1,1,1,1,1,1,1,1,1,1,1,1,1,1,1,1,1,1,1,1,1,1,1,1,1,1,1,1,1,1,1,1,1,1,1,1,1,1,1,1,1,1,1,1,1,1,1,1,1,1,1,1,1,1,1,1,1,1,1,1,1,1,1,1,1,1,1,1,1,1,1,1,1,1,1,1,1,1,1,1,1,1,1,1,1,1,1,1,1,1,1,1,1,1,1,1,1,1,1,1,1,1,1,1,1,1,1,1,1,1,1,1,1,1,1,1,1,1,1,1,1,1,1,1,1,1,1,1,1,1,1,1,1,1,1,1,1,1,1,1,1,1,1,1,1,1,1,1,1,1,1,1,1,1,1,1,1,1,1,1,1,1,1,1,1,1,1,1,1,1,1,1,1,1,1,1,1,1,1,1,1,1,1,1,1,1,1,1,1,1,1,1,1,1,1,1,1,1,1,1,1,1,1,1,1,1
1,1,2,2,2,2,4,4,4,5,1,1,1,8,4,4,4,5,0,0,3,8,4,4,4,5,1,1,8,4,4,4,5,1,8,4,4,4,5,0,0,0,0,0,0,3,3,3,1,1,1,1,2,2,8,4,4,5,1,3,3,3,8,4,5,0,0,0,0,0,0,3,8,4,5,1,1,1,1,8,4,5,1,1,3,3,3,8,8,8,8,0,2,2,2,8,4,5,0,0,0,0,2,2,1,1,1,1,1,1,1,2,2,2,4,4,8,4,5,0,0,0,0,0,3,4,4,8,4,5,1,1,1,1,1,1,1,1,4,4,8,4,5,0,0,0,0,0,0,0,0,0,0,0,0,1,1,1,1,1,1,1,3,3,3,3,3,3,3,8,8,8,8,0,0,0,0,0,0,0,2,2,2,2,2,4,4,8,4,5,1,4,4,8,4,5,1,1,1,1,1,1,2,2,4,8,4,5,0,0,0,3,3,4,8,4,5,1,4,8,4,5,1,4,8,4,5,0,3,4,8,4,5,0,0,0,2,1,1,1,1,1,1,1,1,1,1,1,1,0,0,0,0,0,0,0,0,0,0,0,0,0,0,0,0,0,0,0,0,0,0,0,0,0,0,0,0,0,0,0,0,0,0,0,0,0,0,0,0,0,0,0,0,0,0,0,0,0,0,0,0,0,0,0,0,0,0,0,0,0,0,0,0,0,0,0,0,0,0,0,0,0,0,0,0,0,0,0,0,0,0,0,0,0,0,0,0,0,0,0,0,0,0,0,0,0,0,0,0,0,0,0,0,0,0,0,0,0,0,0,0,0,0,0,0,0,0,0,0,0,0,0,0,0,0,0,0,0,0,0,0,0,0,0,0,0,0,0,0,0,0,0,0,0,0,0,0,0,0,0,0,0,0,0,0,0,0,0,0,0,0,0,0,0,0,0,0,0,0,0,0,0,0,0,0,0,0,0,0,0,0,0,0,0,0,0,0,0,0,0,0,0,0,0,0,0,0,0,0,0,0,0,0,0,0,0,0,0,0,0,0,0,0,0,0,0,0,0,0,0,0,0,0,0,0,0,0,0,0,0,0,0,0,0,0,0,0,0,0,0,0,0,0,0,0,0,0,0,0,0,0,0,0,0,0,0,0,0,0,0,0,0,0,0,0,0,0,0,0,0,0,0,0,0,0,0,0,0,0,0,0,0,0,0,0,0,0,0,0,0,0,0,0,0,0,0,0,0,0,0,0,0,0,0,0,0,0,0,0,0,0,0,0,0,0,0,0,0,0,0,0,0,0,0,0,0,0,0,0,0,0,0,0,0,0,0,0,0,0,0,0,0,0,0,0,0,0,0,0,0,0,0,0,0,0,0,0,0,0,0,0,0,0,0,0,0,0,0,0,0,0,0,0,0,0,0,0,0,0,0,0,0,0,0,0,0,0,0,0,0,0,0,0,0,0,0,0,0,0,0,0,0,0,0,0,0,0,0,0,0,0,0,0,0,0,0,0,0,0,0,0,0,0,0,0,0,0,0,0,0,0,0,0,0,0,0,0,0,0,0,0,0,0,0,0,0,0,0,0,0,0,0,0,0,0,0,0,0,0,0,0,0,0,0,0,0,0,0,0,0,0,0,0,0,0,0,0,0,0,0,0,0,0,0,0,0,0,0,0,0,0,0,0,0,0,0,0,0,0,0,0,0,0,0,0,0,0,0,0,0,0,0,0,0,0,0,0,0,0,0,0,0,0,0,0,0,0,0,0,0,0,0,0,0,0,0,0,0,0,0,0,0,0,0,0,0,0,0,0,0,0,0,0,0,0,0,0,0,0,0,0,0,0,0,0,0,0,0,0,0,0,0,0,0,0,0,0,0,0,0,0,0,0,0,0,0,0,0,0,0,0,0,0,0,0,0,0,0,0,0,0,0,0,0,0,0,0,0,0,0,0,0,0,0,0,0,0,0,0,0,0,0,0,0,0,0,0,0,0,0,0,0,0,0,0,0,0,0,0,0,0,0,0,0,0,0,0,0,0,0,0,0,0,0,0,0,0,0,0,0,0,0,0,0,0,0,0,0,0,0,0,0,0,0,0,0,0,0,0,0,0,0,0,0,0,0,0,0,0,0,0,0,0,0,0,0,0,0,0,0,0,0,0,0,0,0,0,0,0,0,0,0,0,0,0,0,0,0,0,0,0,0,0,0,0,0,0,0,0,0,0,0,0,0,0,0,0,0,0,0,0,0,0,0,0,0,0,0,0,0
"""

You are playing: JWinStrategy
This match was a draw
Your game win count:       15
Opponent game win count:   15
Put the 4 lines between the """ characters in a file to watch a replay
You are the red player in the closest scoring round replay from this match:
"""
24
1649738269725
3,4,4,4,5,1,4,4,5,1,3,4,4,4,5,1,4,4,5,1,4,4,5,0,0,0,0,2,2,0,0,4,5,0,2,2,4,4,4,5,0,4,4,4,5,1,2,4,4,4,5,2,4,4,5,1,1,1,3,3,3,3,1,1,2,4,4,5,1,1,4,4,5,1,4,5,1,4,5,2,4,5,0,0,0,0,0,0,3,3,1,2,2,4,4,5,2,4,4,5,1,4,5,1,4,5,3,4,5,0,0,0,3,3,2,2,2,4,4,5,1,2,4,4,5,1,4,4,5,1,4,5,1,4,5,0,0,0,0,3,3,1,1,1,1,1,1,2,2,2,8,8,8,8,8,8,8,8,8,0,0,0,0,0,0,3,3,3,3,3,1,1,1,3,4,4,5,1,1,4,5,1,4,4,5,1,1,4,4,5,3,3,4,4,4,5,0,0,0,0,0,0,0,0,2,2,2,1,1,3,3,3,3,4,4,4,5,1,1,1,1,4,4,4,5,3,4,4,4,5,1,2,4,4,4,5,1,1,1,4,5,0,0,0,0,0,0,0,0,0,0,2,2,2,2,1,1,1,1,2,2,4,5,1,4,5,2,4,5,1,4,5,1,3,4,5,0,0,1,2,2,2,8,8,8,8,8,8,8,8,8,0,0,0,0,0,0,3,3,3,3,3,1,1,1,1,1,1,1,4,4,5,1,2,4,5,2,4,5,1,4,5,2,4,5,0,0,0,0,0,0,0,0,0,3,3,3,1,1,1,1,2,2,2,4,5,0,2,2,4,5,1,1,1,8,8,8,8,8,1,1,1,4,5,3,4,5,1,4,5,1,1,2,2,2,2,2,2,2,2,1,3,4,4,5,3,3,4,4,5,0,4,4,5,3,3,4,4,5,3,4,4,5,2,2,2,2,2,2,1,1,4,4,4,5,1,1,3,4,4,4,5,0,3,3,4,4,4,5,3,4,4,4,5,3,3,4,4,5,0,0,0,2,2,2,2,2,2,2,2,4,4,4,5,2,4,4,4
2,4,4,4,5,1,4,4,5,2,1,4,4,4,5,1,4,5,1,4,4,5,3,3,0,0,0,0,0,4,4,5,0,4,4,4,5,3,4,4,4,5,3,0,4,4,4,5,3,3,3,4,4,4,5,2,2,2,2,2,1,1,1,3,1,1,4,4,5,3,1,4,5,3,4,5,3,4,5,0,4,4,5,2,2,2,2,0,0,3,3,1,1,4,4,4,5,1,1,4,5,3,4,5,1,4,5,2,4,5,2,2,0,0,0,0,0,1,1,1,1,4,4,5,2,4,4,5,3,1,4,4,5,1,4,4,5,3,4,5,2,0,0,0,3,3,3,3,3,3,1,1,1,8,8,8,8,8,8,8,8,8,2,2,2,2,2,2,0,0,0,0,0,0,3,1,1,1,1,4,5,1,4,5,1,1,4,5,3,4,4,4,5,1,4,5,2,2,0,0,0,0,0,0,0,0,3,3,3,3,3,1,4,4,4,5,1,4,5,1,4,4,4,5,3,0,4,5,3,0,4,5,2,2,2,2,2,2,2,0,3,3,3,3,3,4,4,5,3,4,4,5,2,0,4,5,0,4,4,5,3,3,4,4,5,2,2,2,2,2,3,3,3,3,1,1,1,1,1,1,1,1,8,8,8,8,8,8,8,8,8,2,2,2,2,2,2,0,0,0,0,0,0,2,2,2,2,1,1,4,4,4,5,1,1,1,4,4,4,5,1,4,4,4,5,3,4,4,4,5,1,4,4,4,5,3,3,3,0,0,0,0,0,0,0,2,2,1,1,1,1,1,1,4,4,5,1,4,4,5,2,2,4,4,4,5,3,3,3,1,1,4,4,5,1,1,4,4,4,5,3,0,0,0,0,0,0,0,0,0,0,0,3,3,3,1,1,1,1,1,1,4,5,1,1,4,5,1,3,3,3,0,0,8,8,8,8,8,8,8,8,8,1,1,4,5,1,4,5,1,4,5,3,3,3,3,3,3,1,3,4,4,4,5,0,4,4,4,5,0,2,1,1,2,4,4,5,3
"""

You are playing: kevinz6
You won this match
Your game win count:       18
Opponent game win count:   12
Put the 4 lines between the """ characters in a file to watch a replay
You are the blue player in the closest scoring round replay from this match:
"""
28
1649738284849
2,1,4,4,5,3,3,1,4,4,5,3,4,4,5,3,1,1,4,4,5,3,1,4,4,4,5,2,2,2,2,4,4,0,0,0,0,0,3,3,0,4,4,4,5,2,2,2,0,4,4,4,5,0,4,4,4,5,3,0,4,4,4,5,2,2,2,4,4,4,5,3,3,3,1,1,1,1,2,2,2,2,4,4,5,2,4,4,5,2,4,4,5,1,4,5,1,4,4,4,5,3,3,3,3,3,3,0,0,3,1,1,1,1,4,4,5,1,1,4,4,5,1,4,4,5,3,4,4,5,3,4,4,5,2,2,2,4,4,0,0,0,0,0,0,0,2,2,2,2,2,2,1,1,1,1,1,1,1,2,2,1,1,1,1,1,2,1,1,1,1,1,4,5,2,1,1,1,1,2,4,5,1,1,1,4,5,1,1,1,1,1,1,1,1,1,1,1,8,8,8,8,8,8,8,8,8,3,3,3,4,5,3,4,5,3,3,0,0,0,0,0,0,0,2,1,1,1,1,1,4,5,1,4,5,2,4,4,4,5,1,1,4,5,3,4,5,3,0,0,0,0,0,0,0,0,2,2,1,1,1,1,4,5,2,4,5,1,4,5,2,4,5,0,4,5,3,3,3,3,0,0,0,0,2,2,2,1,1,1,4,5,2,2,1,4,5,2,2,0,4,5,0,4,5,0,4,5,3,3,3,3,3,3,3,0,2,2,2,2,2,2,1,1,1,1,1,1,1,1,1,1,1,1,1,1,1,1,1,1,1,1,1,1,1,1,1,1,8,8,8,8,8,8,8,8,8,3,3,3,1,4,5,1,1,4,5,2,4,5,0,4,5,2,1,1,4,5,2,2,4,2,4,4,2,4,4,4,2,4,2,4,4,4,2,2,2,1,1,1,3,0,4,4,5,0,4,4,5,0,0,4,4,5,3,4,5,3,4,5,2,2,2,1,1,1,1,1,1,4,4,4,5,3,3,4,4,5,3,3,0,4,5,3,3,4,4,5,0,4,4,5,2,2,2,2,2,2,2,0,4,4,5,2,4,4,4,5,1,4,4,5,1,1,4,4,4,5,3,1,4,4,4,5,3,0,0,0,3,3,3,0,4,4,5,3,3,3,4,5,3,0,4,5,0,5,0,0,0,8,8,8,8,8,8,8,8,8,2,2,1,1,4,5,2,4,2,2,2,2,1,1,1,1,2,2,0,0,4,4,4,5,0,4,4,4,5,3,0,4,4,5,3,3,0,4,5,3,4,5,2,2,1,1,1,1,1,2,2,2,2,4,4,5,0,0,4,4,4,5,3,4,4,4,5,0,0,0,4,4,5,3,0,4,4,5,3,3,1,1,1,1,1,1,3,3,1,1,1,1,1,4,4,5,3,3,4,4,4,5,3,3,3,4,5,3,0,4,5,3,4,5,2,2,2,2,2,2,2,2,2,0,0,0,0
3,4,4,5,0,4,4,5,2,4,5,2,2,4,4,4,5,2,4,4,4,5,1,3,3,3,1,2,4,4,5,2,4,4,4,5,1,1,3,4,4,5,3,4,4,4,5,1,4,4,5,0,0,0,0,1,3,3,4,4,5,1,3,4,5,3,4,5,3,4,4,5,3,4,5,0,0,2,2,2,2,2,2,1,1,3,4,4,4,5,1,1,3,3,4,4,5,3,4,5,3,4,4,4,5,0,4,5,0,0,0,2,2,2,2,2,0,3,3,3,4,4,5,0,4,4,5,0,4,4,5,3,3,4,4,5,3,3,4,4,5,1,1,1,2,2,1,1,1,1,1,1,1,3,3,8,8,8,8,8,8,8,8,8,1,1,1,1,1,1,1,3,3,3,3,3,3,3,0,4,4,5,3,4,4,5,3,4,4,5,1,1,1,4,4,4,5,3,4,4,4,5,0,0,2,2,2,1,3,4,4,4,5,1,2,4,4,4,5,1,1,4,4,4,5,0,0,2,2,2,4,4,5,2,4,4,5,0,0,3,3,3,3,0,2,4,4,5,2,4,4,5,2,4,4,5,0,4,5,0,4,5,1,1,1,3,3,3,0,0,0,0,3,4,4,5,3,3,4,4,5,3,4,4,4,5,3,4,4,4,5,1,0,0,0,0,2,2,2,2,2,2,2,2,2,2,2,8,8,8,8,8,8,8,8,8,1,3,3,4,5,1,1,1,1,1,1,3,3,3,3,0,0,0,2,2,4,5,0,4,4,5,0,4,5,3,4,5,2,2,4,5,1,1,1,1,1,3,3,3,0,2,2,2,2,4,4,4,5,2,4,5,1,4,4,5,0,0,4,5,2,4,5,1,1,3,3,3,3,3,3,0,0,0,3,3,3,3,4,4,4,5,3,4,4,4,5,0,0,3,4,4,4,5,0,2,4,4,4,5,0,4,4,4,5,1,1,1,0,0,0,2,2,2,2,2,2,2,2,2,2,2,8,8,8,8,8,8,8,8,8,1,1,1,1,1,1,1,3,3,3,3,3,3,0,0,0,0,0,3,3,4,4,5,3,4,4,5,0,4,4,5,0,3,4,4,4,5,0,4,4,4,5,1,1,1,1,1,1,1,1,2,2,2,2,0,2,2,2,2,2,2,4,5,0,2,2,2,4,5,2,4,5,0,5,0,0,5,1,1,1,1,3,3,3,3,3,3,3,3,3,3,1,0,0,0,0,0,0,0,0,2,2,2,2,2,2,8,8,8,8,8,8,8,8,8,2,2,2,2,2,4,5,1,4,5,1,4,5,3,4,5,0,2,2,4,5,0,0,0,0,0,0,0,0,2,2,3,3,3,3,3,3,4,4,5,3,4,4,5,0,4,4,5,3,4,4,5,0,0,4,4,5,1,1,1,2,2,2,2,2,2,2,2,1,3,3,3,3,3,4,5,0,0,4
"""

You are playing: BeatRandomStrategy
This match was a draw
Your game win count:       15
Opponent game win count:   15
Put the 4 lines between the """ characters in a file to watch a replay
You are the red player in the closest scoring round replay from this match:
"""
24
1649738296442
3,4,4,4,5,1,3,4,4,4,5,1,4,4,5,1,1,4,4,5,1,1,1,4,4,5,0,0,0,0,0,0,0,2,2,0,4,5,2,2,2,4,4,5,2,2,4,4,5,2,4,4,5,1,4,4,4,5,3,3,3,3,3,3,1,1,1,4,4,5,1,2,4,4,5,1,4,5,1,4,5,3,4,4,5,0,0,0,0,0,0,1,1,2,2,4,5,1,4,5,1,4,4,5,1,4,5,1,4,5,0,0,0,0,0,0,3,3,0,0,0,1,1,1,1,1,1,1,1,1,2,2,2,2,2,8,8,8,8,8,8,8,8,8,3,3,4,5,1,4,5,3,4,5,3,4,5,1,3,4,4,5,0,0,0,0,0,0,0,0,0,0,0,2,2,4,4,4,5,2,2,4,4,5,0,4,4,4,5,1,2,4,4,5,1,2,4,4,5,1,1,3,3,3,3,3,3,1,1,2,2,2,4,4,5,1,4,5,1,4,5,1,4,5,1,1,1,4,5,0,0,0,0,0,0,0,0,3,3,3,1,1,2,2,2,2,4,5,1,4,5,2,4,5,0,4,5,0,4,5,0,3,3,3,1,1,1,1,1,1,2,2,2,8,8,8,8,8,8,8,8,8,0,0,0,0,0,0,3,3,3,3,3,1,2,2,2,2,2,2,4,5,1,4,5,1,4,5,2,4,5,0,4,5,0,0,3,3,3,3,3,3,3,1,2,2,2,2,2,2,2,4,5,0,0,4,4,5,0,4,4,5,0,0,4,4,4,5,3,4,4,4,5,1,1,1,1,3,3,3,3,3,3,1,1,1,1,1,1,3,3,3,3,4,4,4,5,3,4,4,4,5,1,4,4,4,5,1,0,0,2,2,2,2,2,2,2,2,2,2,8,8,8,8,8,8,8,8,8,2,2,2,2,4,5,0,4,5,1,1,1,1,1,1,1,2,2,2,0,4,4,5,2,4,4,5,2,2,4,4,4,5,1,4,4,4,5,0,0,0,4,4,4,5,1,1,1,3,3,3,1,1,4,4,4,5,1,2,4,4,4,5,3,3,3,3,4,4,4,5,3,4
0,4,4,4,5,2,2,4,4,4,5,1,4,4,5,2,4,4,4,5,1,1,1,1,4,4,4,5,3,3,3,0,0,0,0,1,4,4,5,1,4,4,5,2,4,4,5,1,1,1,4,5,2,1,4,4,5,3,3,0,0,0,0,0,0,0,0,0,4,4,4,5,3,1,4,4,4,5,3,3,1,4,4,5,1,4,4,5,3,3,4,4,5,2,2,2,2,2,3,3,1,1,4,4,5,1,4,5,1,4,4,4,5,1,4,5,2,4,5,2,0,0,0,0,0,1,1,1,1,1,1,4,4,5,1,4,4,5,1,4,4,4,5,2,2,4,4,5,2,3,3,3,3,3,3,3,3,3,3,0,0,8,8,8,8,8,8,8,8,8,1,1,4,5,3,3,3,3,3,3,1,1,1,2,2,4,4,5,2,4,5,2,4,4,5,2,4,4,5,2,0,4,5,3,3,3,3,3,3,1,0,0,4,4,5,3,4,4,5,0,4,4,5,2,2,4,4,5,2,4,4,5,3,3,1,1,1,3,1,4,4,4,5,1,4,4,4,5,3,4,4,4,5,0,0,0,0,4,4,4,5,0,0,4,4,5,2,2,1,1,1,1,2,2,1,4,4,5,2,4,4,5,0,0,4,4,5,0,4,5,2,4,5,3,3,3,3,1,1,2,2,2,0,0,0,2,2,0,0,8,8,8,8,8,8,8,8,3,1,4,5,3,1,4,4,4,5,3,0,4,5,2,2,2,1,1,4,5,2,4,5,3,3,3,3,3,3,1,1,2,2,2,1,1,1,4,4,4,5,1,4,4,4,5,3,4,4,4,5,2,2,2,4,4,4,5,2,4,4,4,5,3,3,3,3,3,3,0,0,0,0,2,2,2,2,2,2,2,0,4,4,4,5,2,4,4,4,5,0,4,5,2,4,5,0,4,5,2,2,2,0,0,0,0,0,0,0,0,0,3,3,3,3,3,3,1,1,1,1,1,1,1,1,1,1,1,1,8,8,8,8,8,8,8,8,8,2,2,2,2,4,5,2,4,5,3,1,4,5,1,4,5,2,2,0,0,0,0,0,0,0,0
"""

You are playing: GoodStrategy_vs_Random
You won this match
Your game win count:       26
Opponent game win count:    4
Put the 4 lines between the """ characters in a file to watch a replay
You are the blue player in the closest scoring round replay from this match:
"""
24
1649738306620
3,4,4,4,5,8,3,1,4,4,4,5,8,0,0,4,5,8,1,1,1,1,1,4,4,5,5,3,1,4,4,4,5,5,3,4,4,4,5,5,1,1,4,4,4,5,5,1,4,4,4,5,5,2,2,2,2,0,0,0,0,0,0,0,0,3,5,3,1,5,3,1,1,1,1,1,4,4,4,5,5,3,3,1,1,4,4,4,5,5,1,1,2,2,2,4,4,4,5,5,2,2,0,0,0,0,0,0,0,0,0,0,2,2,4,4,5,5,2,2,2,4,4,5,5,0,0,0,0,0,0,0,0,0,0,0,0,0,0,0,0,0,0,0,0,0,0,0,0,0,0,0,0,0,0,0,0,0,0,0,0,0,0,0,0,0,0,0,0,0,0,0,0,0,0,0,0,0,0,0,0,0,0,0,0,0,0,0,0,0,0,0,0,0,0,0,0,0,0,0,0,0,0,0,0,0,0,0,0,0,0,0,0,0,0,0,0,0,0,0,0,0,0,0,0,0,0,0,0,0,0,0,0,0,0,0,0,0,0,0,0,0,0,0,0,0,0,0,0,0,0,0,0,0,0,0,0,0,0,0,0,0,0,0,0,0,0,0,0,0,0,0,0,0,0,0,0,0,0,0,0,0,0,0,0,0,0,0,0,0,0,0,0,0,0,0,0,0,0,0,0,0,0,0,0,0,0,0,0,0,0,0,0,0,0,0,0,0,0,0,0,0,0,0,0,0,0,0,0,0,0,0,0,0,0,0,0,0,0,0,0,0,0,0,0,0,0,0,0,0,0,0,0,0,0,0,0,0,0,0,0,0,0,0,0,0,0,0,0,0,0,0,0,0,0,0,0,0,0,0,0,0,0,0,0,0,0,0,0,0,0,0,0,0,0,0,0,0,0,0,0,0,0,0,0,0,0,0,0,0,0,0,0,0,0,0,0,0,0,0,0,0,0,0,0,0,0,0,0,0,0,0,0,0,0,0,0,0,0,0,0,0,0,0,0,0,0,0,0,0,0,0,0,0,0,0,0,0,0,0,0,0,0,0,0,0,0,0,0,0,0,0,0,0,0,0,0,0,0,0,0,0,0,0,0,0,0,0,0,0,0,0,0,0,0,0,0,0,0,0,0,0,0,0,0,0,0,0,0,0,0,0,0,0,0,0,0,0,0,0,0,0,0,0,0,0,0,0,0,0,0,0,0,0,0,0,0,0,0,0,0,0,0,0,0,0,0,0,0,0,0,0,0,0,0,0,0,0,0,0,0,0,0,0,0,0,0,0,0,0,0,0,0,0,0,0,0,0,0,0,0,0,0,0,0,0,0,0,0,0,0,0,0,0,0,0,0,0,0,0,0,0,0,0,0,0,0,0,0,0,0,0,0,0,0,0,0,0,0,0,0,0,0,0,0,0,0,0,0,0,0,0,0,0,0,0,0,0,0,0,0,0,0,0,0,0,0,0,0,0,0,0,0,0,0,0,0,0,0,0,0,0,0,0,0,0,0,0,0,0,0,0,0,0,0,0,0,0,0,0,0,0,0,0,0,0,0,0,0,0,0,0,0,0,0,0,0,0,0,0,0,0,0,0,0,0,0,0,0,0,0,0,0,0,0,0,0,0,0,0,0,0,0,0,0,0,0,0,0,0,0,0,0,0,0,0,0,0,0,0,0,0,0,0,0,0,0,0,0,0,0,0,0,0,0,0,0,0,0,0,0,0,0,0,0,0,0,0,0,0,0,0,0,0,0,0,0,0,0,0,0,0,0,0,0,0,0,0,0,0,0,0,0,0,0,0,0,0,0,0,0,0,0,0,0,0,0,0,0,0,0,0,0,0,0,0,0,0,0,0,0,0,0,0,0,0,0,0,0,0,0,0,0,0,0,0,0,0,0,0,0,0,0,0,0,0,0,0,0,0,0,0,0,0,0,0,0,0,0,0,0,0,0,0,0,0,0,0,0,0,0,0,0,0,0,0,0,0,0,0,0,0,0,0,0,0,0,0,0,0,0,0,0,0,0,0,0,0,0,0,0,0,0,0,0,0,0,0,0,0,0,0,0,0,0,0,0,0,0,0,0,0,0,0,0,0,0,0,0,0,0,0,0,0,0,0,0,0,0,0,0,0,0,0,0,0,0,0,0,0,0,0,0,0,0,0,0,0,0,0,0,0,0,0,0,0,0,0,0,0,0,0,0,0,0,0,0,0,0,0,0,0,0,0,0,0,0,0,0,0,0,0,0,0,0,0,0,0,0,0
0,4,4,5,3,4,4,5,1,3,4,4,5,3,4,5,3,4,4,5,2,2,2,2,1,1,3,4,4,5,3,4,4,5,3,4,5,3,4,5,3,4,5,0,0,2,2,2,2,2,1,2,2,4,4,4,5,1,1,3,4,4,5,3,3,4,4,5,3,4,5,3,4,5,0,0,0,2,2,2,0,0,2,2,4,4,4,5,0,3,3,3,3,3,3,4,4,4,5,0,2,4,4,4,5,3,3,3,4,4,4,5,0,3,4,4,4,5,1,1,1,1,1,1,1,1,1,1,1,1,1,1,1,1,1,1,1,1,1,1,1,1,1,1,1,1,1,1,1,1,1,1,1,1,1,1,1,1,1,1,1,1,1,1,1,1,1,1,1,1,1,1,1,1,1,1,1,1,1,1,1,1,1,1,1,1,1,1,1,1,1,1,1,1,1,1,1,1,1,1,1,1,1,1,1,1,1,1,1,1,1,1,1,1,1,1,1,1,1,1,1,1,1,1,1,1,1,1,1,1,1,1,1,1,1,1,1,1,1,1,1,1,1,1,1,1,1,1,1,1,1,1,1,1,1,1,1,1,1,1,1,1,1,1,1,1,1,1,1,1,1,1,1,1,1,1,1,1,1,1,1,1,1,1,1,1,1,1,1,1,1,1,1,1,1,1,1,1,1,1,1,1,1,1,1,1,1,1,1,1,1,1,1,1,1,1,1,1,1,1,1,1,1,1,1,1,1,1,1,1,1,1,1,1,1,1,1,1,1,1,1,1,1,1,1,1,1,1,1,1,1,1,1,1,1,1,1,1,1,1,1,1,1,1,1,1,1,1,1,1,1,1,1,1,1,1,1,1,1,1,1,1,1,1,1,1,1,1,1,1,1,1,1,1,1,1,1,1,1,1,1,1,1,1,1,1,1,1,1,1,1,1,1,1,1,1,1,1,1,1,1,1,1,1,1,1,1,1,1,1,1,1,1,1,1,1,1,1,1,1,1,1,1,1,1,1,1,1,1,1,1,1,1,1,1,1,1,1,1,1,1,1,1,1,1,1,1,1,1,1,1,1,1,1,1,1,1,1,1,1,1,1,1,1,1,1,1,1,1,1,1,1,1,1,1,1,1,1,1,1,1,1,1,1,1,1,1,1,1,1,1,1,1,1,1,1,1,1,1,1,1,1,1,1,1,1,1,1,1,1,1,1,1,1,1,1,1,1,1,1,1,1,1,1,1,1,1,1,1,1,1,1,1,1,1,1,1,1,1,1,1,1,1,1,1,1,1,1,1,1,1,1,1,1,1,1,1,1,1,1,1,1,1,1,1,1,1,1,1,1,1,1,1,1,1,1,1,1,1,1,1,1,1,1,1,1,1,1,1,1,1,1,1,1,1,1,1,1,1,1,1,1,1,1,1,1,1,1,1,1,1,1,1,1,1,1,1,1,1,1,1,1,1,1,1,1,1,1,1,1,1,1,1,1,1,1,1,1,1,1,1,1,1,1,1,1,1,1,1,1,1,1,1,1,1,1,1,1,1,1,1,1,1,1,1,1,1,1,1,1,1,1,1,1,1,1,1,1,1,1,1,1,1,1,1,1,1,1,1,1,1,1,1,1,1,1,1,1,1,1,1,1,1,1,1,1,1,1,1,1,1,1,1,1,1,1,1,1,1,1,1,1,1,1,1,1,1,1,1,1,1,1,1,1,1,1,1,1,1,1,1,1,1,1,1,1,1,1,1,1,1,1,1,1,1,1,1,1,1,1,1,1,1,1,1,1,1,1,1,1,1,1,1,1,1,1,1,1,1,1,1,1,1,1,1,1,1,1,1,1,1,1,1,1,1,1,1,1,1,1,1,1,1,1,1,1,1,1,1,1,1,1,1,1,1,1,1,1,1,1,1,1,1,1,1,1,1,1,1,1,1,1,1,1,1,1,1,1,1,1,1,1,1,1,1,1,1,1,1,1,1,1,1,1,1,1,1,1,1,1,1,1,1,1,1,1,1,1,1,1,1,1,1,1,1,1,1,1,1,1,1,1,1,1,1,1,1,1,1,1,1,1,1,1,1,1,1,1,1,1,1,1,1,1,1,1,1,1,1,1,1,1,1,1,1,1,1,1,1,1,1,1,1,1,1,1,1,1,1,1,1,1,1,1,1,1,1,1,1,1,1,1,1,1,1,1,1,1,1,1,1,1,1,1,1,1,1,1,1,1,1,1,1,1,1,1,1,1,1,1,1,1,1,1,1,1,1,1,1,1
"""

You are playing: kyluo Strategy
You lost this match
Your game win count:        1
Opponent game win count:   29
Put the 4 lines between the """ characters in a file to watch a replay
You are the red player in the closest scoring round replay from this match:
"""
28
1649738320476
3,4,4,4,5,3,4,4,4,5,0,3,4,4,4,5,2,2,2,4,4,4,5,2,4,4,5,1,3,2,4,4,5,2,4,5,1,1,4,4,5,1,4,5,3,4,4,5,0,0,0,3,1,3,4,4,5,1,1,2,4,4,5,3,3,3,4,4,4,5,1,4,4,5,3,4,4,4,5,0,0,0,0,2,2,2,2,0,2,2,2,4,5,2,4,4,5,2,4,4,5,1,4,4,5,1,1,4,5,0,0,3,3,3,3,3,0,0,0,0,3,4,4,4,5,2,2,2,4,4,4,5,0,1,1,1,1,1,1,1,1,1,1,1,1,2,2,2,2,8,8,8,8,8,8,8,8,8,3,3,3,4,5,1,4,5,3,4,5,0,0,0,0,0,0,0,0,3,3,1,1,1,1,2,2,4,5,1,4,5,1,4,5,2,4,5,0,4,5,0,0,0,0,0,3,3,3,1,1,1,2,2,2,4,5,1,4,5,2,4,5,1,4,5,0,0,4,5,0,0,0,3,3,3,3,1,1,2,2,2,2,4,5,1,2,4,5,1,4,5,0,0,2,4,5,0,4,5,0,3,3,3,3,1,1,1,1,1,1,1,2,2,2,2,8,8,8,8,8,8,8,8,8,0,0,0,0,0,0,0,3,3,3,3,3,3,1,1,1,1,1,1,3,4,4,5,1,4,4,5,1,4,4,5,0,2,2,4,5,1,1,2,2,4,5,0,0,0,0,0,0,0,0,0,3,3,3,0,0,0,0,0,2,2,4,4,4,5,1,1,2,2,2,4,4,5,2,2,4,4,5,1,1,4,4,5,3,4,4,5,1,3,3,3,3,3,3,2,2,2,2,2,2,2,2,1,1,1,1,1,1,1,3,3,8,8,8,8,8,8,8,8,8,0,0,0,0,4,5,0,4,5,2,4,5,1,4,5,1,4,5,0,0,0,0,3,3,3,3,3,3,3,3,2,2,2,2,2,2,2,2,4,4,5,0,4,4,5,2,4,4,5,1,4,5,1,4,4,4,5,0,3,3,3,3,3,3,3,3,3,1,1,2,2,2,2,2,2,2,2,2,4,4,5,1,4,5,1,4,4,4,5,2,4,5,1,4,5,1,1,1,1,1,1,1,1,1,2,2,0,0,0,0,0,0,0,3,3,3,3,3,8,8,8,8,8,8,8,8,8,0,0,0,0,0,0,0,3,3,3,3,3,3,3,0,0,2,2,2,1,1,1,2,2,2,1,2,2,2,2,4,4,5,1,4,5,1,1,2,4,5,1,4,5,1,4,5,1,1,1,1,1,1,1,2,2,2,1,4,4,4,5,1,4,4,4,5,2,2,4,4,4,5,0,2,4,4,5,0,0,4,4,4,5,1,3,3,3,2,4,4,4,5,0,4,4,5,0,0,4,4,5,0,4,4,5
2,2,4,4,4,5,1,4,4,5,1,2,1,4,4,4,5,2,4,4,4,5,2,4,4,4,5,3,0,3,0,3,0,3,3,3,4,4,5,0,4,4,5,3,0,3,4,4,5,1,1,4,4,5,1,4,4,5,2,0,2,2,2,0,4,4,4,5,2,0,4,4,4,5,2,4,4,4,5,3,3,3,4,4,4,5,3,0,4,4,4,5,2,1,1,1,3,1,3,1,3,4,5,1,4,5,1,4,5,2,4,5,1,4,5,0,2,0,2,0,0,0,3,1,3,1,1,4,4,4,5,2,4,4,5,2,1,1,4,4,5,3,4,5,1,4,5,1,3,3,3,3,3,3,8,8,8,8,8,8,8,8,8,3,1,3,1,3,1,3,1,3,1,3,1,3,1,3,3,4,4,4,5,0,4,4,4,5,0,0,0,4,4,5,0,4,4,5,3,4,4,5,2,1,2,1,2,1,1,1,2,2,4,4,5,3,1,4,4,5,1,1,4,4,4,5,2,4,4,4,5,2,4,4,4,5,3,0,3,0,3,0,2,0,0,0,4,4,5,0,4,4,5,0,4,4,5,3,4,4,5,0,4,4,5,1,1,1,1,1,1,3,1,1,1,4,4,4,5,3,0,4,4,4,5,2,0,2,0,2,0,2,0,2,4,4,5,0,2,0,0,4,4,4,5,0,2,2,8,8,8,8,8,8,8,8,8,2,0,3,2,3,2,3,2,3,2,3,2,3,2,3,2,3,2,3,2,3,2,3,2,3,2,3,2,3,2,3,2,3,2,3,2,3,2,3,2,3,2,3,2,3,2,3,2,3,2,3,2,3,2,3,2,3,2,3,1,1,1,1,4,5,2,4,5,2,4,5,1,3,1,3,1,3,3,3,3,3,3,3,0,3,0,3,0,4,4,4,5,3,4,4,5,0,3,0,3,4,5,0,0,4,4,4,5,0,2,0,0,4,4,5,1,2,1,2,1,2,1,2,1,2,1,1,1,1,1,3,1,3,3,4,4,5,2,2,2,2,2,2,2,4,4,5,1,4,4,5,3,4,4,5,1,2,1,2,4,4,4,5,0,2,0,0,0,0,0,0,0,0,0,8,8,8,8,8,8,8,8,8,2,0,2,0,2,0,2,0,2,0,2,0,2,0,2,0,3,0,3,0,0,0,0,4,4,4,5,0,3,3,3,3,4,4,4,5,3,3,4,5,2,1,2,1,2,1,1,4,4,5,1,2,1,1,4,4,5,0,2,2,2,2,2,1,2,1,2,1,1,4,4,5,2,4,4,4,5,2,1,4,4,4,5,2,1,4,4,4,5,1,1,1,1,1,4,4,4,5,0,3,0,3,0,3,3,3,3,3,3,3,3,3,3,3,8,8,8,8,8,8,8,8,8,1,3,1,3,1,3,1,3,1,3,1,3,3
"""

You are playing: UserStrategy
You won this match
Your game win count:       16
Opponent game win count:   14
Put the 4 lines between the """ characters in a file to watch a replay
You are the red player in the closest scoring round replay from this match:
"""
24
1649738321652
1,4,4,5,2,4,4,5,0,4,4,5,0,4,4,4,5,3,3,4,4,4,5,1,2,0,0,4,5,3,3,4,4,4,5,1,1,3,4,4,4,5,1,1,1,2,4,4,5,1,4,4,5,0,0,0,0,2,2,1,2,2,4,4,5,1,4,4,5,1,4,5,1,4,5,3,4,4,5,0,0,0,0,3,0,2,2,2,4,4,5,1,2,4,4,5,1,2,4,5,1,4,5,2,4,4,5,0,0,3,3,3,3,3,3,1,1,1,1,3,4,4,5,1,1,4,4,4,5,3,3,4,5,1,4,4,4,5,1,4,4,5,0,0,0,1,2,2,2,2,2,2,2,2,2,2,2,2,2,2,2,2,2,2,2,2,2,2,2,2,2,2,2,2,2,2,2,2,2,2,2,2,2,2,2,2,2,2,2,2,2,2,2,2,2,2,2,2,2,2,2,2,2,2,2,2,2,2,2,2,2,2,2,2,2,2,2,2,2,2,2,2,2,2,2,2,2,2,2,2,2,2,2,2,2,2,2,2,2,2,2,2,2,2,2,2,2,2,2,2,2,2,2,2,2,2,2,2,2,2,2,2,2,2,2,2,2,2,2,2,2,2,2,2,2,2,2,2,2,2,2,2,2,2,2,2,2,2,2,2,2,2,2,2,2,2,2,2,2,2,2,2,2,2,2,2,2,2,2,2,2,2,2,2,2,2,2,2,2,2,2,2,2,2,2,2,2,2,2,2,2,2,2,2,2,2,2,2,2,2,2,2,2,2,2,2,2,2,2,2,2,2,2,2,2,2,2,2,2,2,2,2,2,2,2,2,2,2,2,2,2,2,2,2,2,2,2,2,2,2,2,2,2,2,2,2,2,2,2,2,2,2,2,2,2,2,2,2,2,2,2,2,2,2,2,2,2,2,2,2,2,2,2,2,2,2,2,2,2,2,2,2,2,2,2,2,2,2,2,2,2,2,2,2,2,2,2,2,2,2,2,2,2,2,2,2,2,2,2,2,2,2,2,2,2,2,2,2,2,2,2,2,2,2,2,2,2,2,2,2,2,2,2,2,2,2,2,2,2,2,2,2,2,2,2,2,2,2,2,2,2,2,2,2,2,2,2,2,2,2,2,2,2,2,2,2,2,2,2,2,2,2,2,2,2,2,2,2,2,2,2,2,2,2,2,2,2,2,2,2,2,2,2,2,2,2,2,2,2,2,2,2,2,2,2,2,2,2,2,2,2,2,2,2,2,2,2,2,2,2,2,2,2,2,2,2,2,2,2,2,2,2,2,2,2,2,2,2,2,2,2,2,2,2,2,2,2,2,2,2,2,2,2,2,2,2,2,2,2,2,2,2,2,2,2,2,2,2,2,2,2,2,2,2,2,2,2,2,2,2,2,2,2,2,2,2,2,2,2,2,2,2,2,2,2,2,2,2,2,2,2,2,2,2,2,2,2,2,2,2,2,2,2,2,2,2,2,2,2,2,2,2,2,2,2,2,2,2,2,2,2,2,2,2,2,2,2,2,2,2,2,2,2,2,2,2,2,2,2,2,2,2,2,2,2,2,2,2,2,2,2,2,2,2,2,2,2,2,2,2,2,2,2,2,2,2,2,2,2,2,2,2,2,2,2,2,2,2,2,2,2,2,2,2,2,2,2,2,2,2,2,2,2,2,2,2,2,2,2,2,2,2,2,2,2,2,2,2,2,2,2,2,2,2,2,2,2,2,2,2,2,2,2,2,2,2,2,2,2,2,2,2,2,2,2,2,2,2,2,2,2,2,2,2,2,2,2,2,2,2,2,2,2,2,2,2,2,2,2,2,2,2,2,2,2,2,2,2,2,2,2,2,2,2,2,2,2,2,2,2,2,2,2,2,2,2,2,2,2,2,2,2,2,2,2,2,2,2,2,2,2,2,2,2,2,2,2,2,2,2,2,2,2,2,2,2,2,2,2,2,2,2,2,2,2,2,2,2,2,2,2,2,2,2,2,2,2,2,2,2,2,2,2,2,2,2,2,2,2,2,2,2,2,2,2,2,2,2,2,2,2,2,2,2,2,2,2,2,2,2,2,2,2,2,2,2,2,2,2,2,2,2,2,2,2,2,2,2,2,2,2,2,2,2,2,2,2,2,2,2,2,2,2,2,2,2,2,2,2,2,2,2,2,2,2,2,2,2,2,2,2,2,2,2,2,2,2,2,2,2,2,2,2,2,2,2,2,2,2,2,2,2,2,2,2,2,2,2,2,2
0,4,4,5,2,0,4,4,4,5,2,1,1,4,4,4,5,2,1,1,4,4,4,5,2,4,4,5,3,3,3,3,0,0,8,3,3,4,4,5,1,4,4,4,5,3,4,5,3,4,4,5,1,4,4,4,5,2,2,2,2,0,0,8,3,1,1,4,4,5,1,4,5,3,4,5,3,4,4,4,5,3,4,5,2,2,2,2,0,0,0,8,1,1,1,1,1,4,4,4,5,1,4,4,5,3,4,4,5,1,4,4,4,5,1,4,5,2,0,0,0,0,0,0,0,0,8,3,3,3,3,3,3,1,1,1,1,1,1,8,8,8,8,8,8,8,8,8,3,3,3,4,5,3,3,3,3,3,3,3,3,3,3,3,3,3,3,3,3,3,3,3,3,3,3,3,3,3,3,3,3,3,3,3,3,3,3,3,3,3,3,3,3,3,3,3,3,3,3,3,3,3,3,3,3,3,3,3,3,3,3,3,3,3,3,3,3,3,3,3,3,3,3,3,3,3,3,3,3,3,3,3,3,3,3,3,3,3,3,3,3,3,3,3,3,3,3,3,3,3,3,3,3,3,3,3,3,3,3,3,3,3,3,3,3,3,3,3,3,3,3,3,3,3,3,3,3,3,3,3,3,3,3,3,3,3,3,3,3,3,3,3,3,3,3,3,3,3,3,3,3,3,3,3,3,3,3,3,3,3,3,3,3,3,3,3,3,3,3,3,3,3,3,3,3,3,3,3,3,3,3,3,3,3,3,3,3,3,3,3,3,3,3,3,3,3,3,3,3,3,3,3,3,3,3,3,3,3,3,3,3,3,3,3,3,3,3,3,3,3,3,3,3,3,3,3,3,3,3,3,3,3,3,3,3,3,3,3,3,3,3,3,3,3,3,3,3,3,3,3,3,3,3,3,3,3,3,3,3,3,3,3,3,3,3,3,3,3,3,3,3,3,3,3,3,3,3,3,3,3,3,3,3,3,3,3,3,3,3,3,3,3,3,3,3,3,3,3,3,3,3,3,3,3,3,3,3,3,3,3,3,3,3,3,3,3,3,3,3,3,3,3,3,3,3,3,3,3,3,3,3,3,3,3,3,3,3,3,3,3,3,3,3,3,3,3,3,3,3,3,3,3,3,3,3,3,3,3,3,3,3,3,3,3,3,3,3,3,3,3,3,3,3,3,3,3,3,3,3,3,3,3,3,3,3,3,3,3,3,3,3,3,3,3,3,3,3,3,3,3,3,3,3,3,3,3,3,3,3,3,3,3,3,3,3,3,3,3,3,3,3,3,3,3,3,3,3,3,3,3,3,3,3,3,3,3,3,3,3,3,3,3,3,3,3,3,3,3,3,3,3,3,3,3,3,3,3,3,3,3,3,3,3,3,3,3,3,3,3,3,3,3,3,3,3,3,3,3,3,3,3,3,3,3,3,3,3,3,3,3,3,3,3,3,3,3,3,3,3,3,3,3,3,3,3,3,3,3,3,3,3,3,3,3,3,3,3,3,3,3,3,3,3,3,3,3,3,3,3,3,3,3,3,3,3,3,3,3,3,3,3,3,3,3,3,3,3,3,3,3,3,3,3,3,3,3,3,3,3,3,3,3,3,3,3,3,3,3,3,3,3,3,3,3,3,3,3,3,3,3,3,3,3,3,3,3,3,3,3,3,3,3,3,3,3,3,3,3,3,3,3,3,3,3,3,3,3,3,3,3,3,3,3,3,3,3,3,3,3,3,3,3,3,3,3,3,3,3,3,3,3,3,3,3,3,3,3,3,3,3,3,3,3,3,3,3,3,3,3,3,3,3,3,3,3,3,3,3,3,3,3,3,3,3,3,3,3,3,3,3,3,3,3,3,3,3,3,3,3,3,3,3,3,3,3,3,3,3,3,3,3,3,3,3,3,3,3,3,3,3,3,3,3,3,3,3,3,3,3,3,3,3,3,3,3,3,3,3,3,3,3,3,3,3,3,3,3,3,3,3,3,3,3,3,3,3,3,3,3,3,3,3,3,3,3,3,3,3,3,3,3,3,3,3,3,3,3,3,3,3,3,3,3,3,3,3,3,3,3,3,3,3,3,3,3,3,3,3,3,3,3,3,3,3,3,3,3,3,3,3,3,3,3,3,3,3,3,3,3,3,3,3,3,3,3,3,3,3,3,3,3,3,3,3,3,3,3,3,3,3,3,3,3,3,3,3,3,3,3,3,3,3,3,3,3,3,3,3,3,3,3,3,3,3,3,3,3,3,3,3
"""

You are playing: SmartStrategy1
You lost this match
Your game win count:       12
Opponent game win count:   18
Put the 4 lines between the """ characters in a file to watch a replay
You are the blue player in the closest scoring round replay from this match:
"""
24
1649738323300
2,0,4,4,5,2,4,4,5,0,4,4,5,2,4,4,5,2,0,4,4,5,3,3,3,3,1,1,1,3,3,1,4,4,4,5,1,4,4,4,5,2,4,4,5,1,4,4,5,1,4,4,5,2,0,0,0,0,2,1,1,4,4,5,3,1,4,4,5,2,1,4,4,5,1,4,5,1,4,5,3,0,0,0,0,0,0,3,3,0,0,4,4,4,5,2,2,2,2,0,0,4,4,4,5,2,2,4,4,4,5,2,1,4,4,4,5,2,1,4,4,5,3,3,3,3,3,3,1,1,2,2,2,2,2,1,1,1,1,1,1,8,8,8,8,8,8,8,8,8,3,3,3,4,5,0,4,5,2,4,5,0,4,5,0,4,5,3,3,3,0,0,0,2,2,2,1,1,4,5,2,4,5,1,4,4,4,5,1,4,5,2,2,0,4,5,3,3,3,3,3,3,0,0,0,2,2,2,2,2,4,4,5,1,4,5,1,4,5,2,4,5,0,4,5,3,3,3,3,3,3,0,2,2,2,2,2,2,4,4,5,0,4,4,5,2,1,4,4,5,1,4,5,1,4,5,3,3,3,3,3,3,3,0,0,2,2,2,2,2,1,1,1,1,1,1,8,8,8,8,8,8,8,8,8,3,1,1,4,5,1,4,5,1,4,5,2,4,5,1,4,5,2,2,2,2,2,2,2,1,0,4,4,5,2,1,4,4,4,5,2,4,4,4,5,3,3,3,1,4,4,4,5,3,4,4,5,3,4,4,5,3,4,4,5,1,4,4,5,2,2,2,2,0,0,3,3,0,4,4,5,0,4,4,5,3,4,5,0,4,5,3,4,5,2,2,2,2,1,1,1,3,1,1,4,4,4,5,3,3,4,4,5,2,1,1,4,4,4,5,3,3,0,0,0,0,0,4,4,5,3,0,4,5,2,2,2,2,2,3,3,3,3,3,3,0,0,0,8,8,8,8,8,8,8,8,8,2,2,2,2,2,2,1,1,1,1,1
1,4,4,5,3,4,4,5,0,0,4,4,5,3,4,4,5,0,4,4,4,5,1,1,2,2,1,1,1,4,4,5,1,4,4,4,5,3,3,4,5,3,4,4,5,3,4,4,5,0,0,0,0,2,2,2,2,0,0,2,4,4,4,5,0,0,3,4,4,4,5,3,3,3,3,3,4,4,4,5,3,4,4,4,5,0,4,4,4,5,1,1,1,1,1,2,2,2,2,2,2,2,2,2,4,4,4,5,1,4,4,4,5,1,1,2,4,4,4,5,1,4,4,4,5,1,3,4,4,4,5,0,0,0,0,0,1,1,1,1,1,1,3,3,3,3,3,3,3,3,3,8,8,8,8,8,8,8,8,8,1,1,1,1,1,1,3,3,3,3,3,3,0,2,4,4,5,0,0,4,5,0,4,4,5,0,4,5,0,3,4,4,5,1,1,1,1,1,1,1,3,3,4,4,4,5,1,1,2,4,4,4,5,1,2,2,2,4,4,4,5,2,4,4,5,0,0,4,4,5,0,0,3,3,3,0,0,0,3,4,4,5,3,3,4,4,4,5,3,3,4,4,4,5,1,2,4,4,4,5,1,4,5,1,2,2,2,2,0,2,2,2,4,4,5,0,0,4,5,3,4,5,0,4,5,2,4,5,1,1,1,1,0,0,0,0,0,0,2,2,8,8,8,8,8,8,8,8,8,1,1,1,1,1,1,3,3,3,3,3,2,2,2,2,2,4,4,5,1,2,4,4,5,0,0,4,5,2,4,4,5,1,4,4,5,3,3,3,3,3,3,3,1,1,2,2,2,2,4,4,4,5,1,4,4,4,5,2,4,4,4,5,1,2,2,4,4,4,5,2,2,4,4,4,5,0,0,0,0,3,3,3,3,3,3,3,3,3,0,0,0,0,0,3,3,3,4,5,0,4,4,5,0,3,3,4,4,4,5,1,1,0,2,2,2,2,2,2,2,2,2,2,8,8,8,8,8,8,8,8,8,1,1,1,4,5,2,4
"""

You are playing: Jonathan Kim
You won this match
Your game win count:       17
Opponent game win count:   13
Put the 4 lines between the """ characters in a file to watch a replay
You are the red player in the closest scoring round replay from this match:
"""
20
1649738325170
0,4,5,1,1,1,4,4,5,2,4,4,4,5,1,4,4,5,1,4,5,1,4,5,0,0,0,0,0,3,2,2,4,4,5,1,1,4,4,5,1,4,5,2,4,5,1,4,4,5,0,0,0,0,3,3,3,0,0,0,2,4,4,4,5,0,2,2,4,4,5,2,2,4,4,5,2,4,4,4,5,2,4,4,4,5,1,1,1,1,3,3,3,3,3,3,3,0,2,2,2,4,4,5,1,2,4,4,5,1,4,5,1,4,4,4,5,3,4,5,0,0,3,3,3,1,1,1,1,1,4,4,5,3,3,4,4,5,3,2,2,2,2,2,2,2,8,8,8,8,8,8,8,8,8,3,4,5,3,4,5,1,4,5,0,0,0,0,0,0,3,3,1,1,1,3,3,3,4,5,3,4,4,4,5,1,2,4,4,4,5,1,4,5,1,4,4,4,5,0,0,0,0,0,0,2,2,2,1,1,1,1,1,1,1,4,4,5,1,2,4,4,5,0,0,4,5,1,2,4,5,2,2,2,4,4,5,1,1,1,2,2,2,2,2,2,4,4,4,5,0,0,4,4,5,3,4,4,5,0,3,4,4,5,0,4,5,1,1,1,1,2,3,3,3,4,4,5,0,4,5,3,4,5,0,4,4,4,5,3,4,5,1,1,0,0,0,0,8,8,8,8,8,8,8,8,8,1,1,1,1,2,2,2,2,2
3,4,4,4,5,0,4,4,5,3,4,4,5,3,3,3,4,5,1,4,4,5,2,2,2,2,2,2,1,4,4,4,5,2,4,4,4,5,0,4,4,4,5,2,4,4,4,5,1,1,4,5,3,3,3,0,0,3,1,1,4,4,5,3,4,4,4,5,1,4,5,3,4,5,3,0,4,5,2,2,2,2,0,0,1,1,1,1,4,4,5,3,4,4,5,3,4,5,1,4,4,4,5,2,4,5,2,0,0,0,0,0,2,1,1,1,1,4,4,5,1,4,4,5,2,4,4,5,3,3,4,4,4,5,1,4,4,5,0,0,0,0,0,0,3,3,3,3,1,4,4,4,5,3,4,5,1,4,5,3,1,4,5,1,1,8,3,1,4,5,3,3,3,1,1,1,1,2,2,2,2,0,0,0,0,8,8,8,8,8,8,8,8,8,1,1,4,5,3,4,5,1,4,5,2,4,5,2,4,4,5,3,3,3,3,3,1,2,0,4,4,5,3,3,4,4,4,5,3,4,4,4,5,0,4,4,4,5,3,3,4,4,4,5,2,2,2,2,1,1,2,1,1,4,5,2,0,4,5,2,0,4,4,5,2,2,1,4,4,5,1,4,5,3,3,3,3,3,0,0,3,1,1,4,4,4,5,2,2,2,1,4,4,4,5,2,2,4,4,4,5,2,1,4,4,4,5,2,2,0,0,4,4,5,3,3
"""

You are playing: FastStrategy
You won this match
Your game win count:       30
Opponent game win count:    0
Put the 4 lines between the """ characters in a file to watch a replay
You are the blue player in the closest scoring round replay from this match:
"""
20
1649738326946
1,4,4,5,2,1,2,4,5,3,1,4,5,1,1,4,5,2,4,5,3,3,0,0,0,0,0,2,4,4,5,3,3,3,2,1,4,4,5,1,1,3,3,4,4,5,2,3,3,1,3,2,2,2,4,4,5,2,4,4,5,2,2,2,4,5,3,3,0,0,0,0,1,1,3,2,1,4,4,5,2,1,2,1,3,2,3,2,3,3,4,4,5,2,3,3,4,4,5,1,4,4,5,1,3,3,4,4,4,5,2,2,2,0,0,0,0,0,2,2,2,2,1,1,1,1,8,8,8,8,8,8,8,8,8,3,3,3,3,0,0,0,0,0,3,1,1,3,2,2,2,3,1,3,2,1,2,1,3,3,2,1,2,3,3,2,3,3,2,3,2,1,3,3,2,2,3,2,3,2,1,3,1,3,2,1,3,2,2,3,1,2,2,1,1,3,1,2,1,3,3,2,2,2,2,2,2,0,0,0,0,0,0,0,0,0,0,0,0,0,0,0,0,0,8,8,8,8,8,8,8,8,8,1,2,4,5,2,4,5,2,4,5,1,4,5,1,4,4,5,2,2,2,1,3,2,2,4
0,4,4,4,5,3,4,4,4,5,0,4,4,4,5,2,4,4,4,5,0,0,3,3,4,4,4,5,1,1,1,1,2,2,1,3,4,4,5,3,3,4,5,3,4,5,3,4,5,3,4,5,0,2,2,2,2,2,2,1,1,4,4,5,1,4,4,5,3,4,4,5,3,4,5,3,4,5,0,0,0,2,2,2,2,2,4,4,4,5,1,1,1,2,4,4,4,5,1,2,4,4,4,5,1,4,4,4,5,3,3,3,4,4,5,0,0,0,0,0,3,1,1,3,3,4,5,1,1,4,4,5,1,4,5,1,4,5,3,4,5,0,0,0,0,0,0,1,1,1,1,1,3,3,8,8,8,8,8,8,8,8,8,1,1,1,1,1,3,3,3,3,3,1,3,4,4,4,5,0,0,0,0,2,2,4,4,5,0,4,4,5,2,4,5,0,4,5,1,1,1,1,3,3,0,2,2,2,4,5,2,4,5,0,4,5,0,4,5,3,4,5,1,1,1,3,3,3,1,1,2,2,2,4,5,2,4,4,4,5,0,2,4,4,5,0,4,4,5,0,4,5,1,3,3,3,3,3
"""

Your placement is: 9 / 23
Top 4 strategies:
CompetitionStrategy in place 4
my stg in place 3
Dominic in place 2
kyluo Strategy in place 1
Congratulations to the winner: kyluo Strategy
